,clip,annotator_id,prolific_user,annotator_gender,annotator_origin,movies_recognition,actors_recognition,experim_group,intensity,variability,gender,frame_start,movie,quartile,sum,exp_sum,face_id,type
0,114305_296_newyork,R_4D60W3B6wX1h9Xx,0,Male,Western (European),A few,A few,1,2,1,Female,114305,SynecdocheAM,q2,6.513252039170079,0.0365864823051436,105,A
1,114305_296_newyork,R_4qQMLscNluEpaap,0,Male,Western (European),Several,Many,1,4,2,Female,114305,SynecdocheAM,q2,6.513252039170079,0.0365864823051436,105,A
2,114305_296_newyork,R_352CHoQuTIcxeX7,0,Male,Western (European),A few,Several,1,4,3,Female,114305,SynecdocheAM,q2,6.513252039170079,0.0365864823051436,105,A
3,114305_296_newyork,R_6IYHUEepiTMixB8,0,Male,Middle-eastern,Many,Many,1,4,2,Female,114305,SynecdocheAM,q2,6.513252039170079,0.0365864823051436,105,A
4,114305_296_newyork,R_2gMZWe45lUBEG4G,1,Female,Western (European),I did not recognise any,Several,1,5,4,Female,114305,SynecdocheAM,q2,6.513252039170079,0.0365864823051436,105,A
5,45818_93_click,R_4D60W3B6wX1h9Xx,0,Male,Western (European),A few,A few,1,2,2,Male,45818,ClickHM,q3,8.500613803721873,0.0490397021863221,385,H
6,45818_93_click,R_4qQMLscNluEpaap,0,Male,Western (European),Several,Many,1,3,3,Male,45818,ClickHM,q3,8.500613803721873,0.0490397021863221,385,H
7,45818_93_click,R_352CHoQuTIcxeX7,0,Male,Western (European),A few,Several,1,3,3,Male,45818,ClickHM,q3,8.500613803721873,0.0490397021863221,385,H
8,45818_93_click,R_6IYHUEepiTMixB8,0,Male,Middle-eastern,Many,Many,1,5,2,Male,45818,ClickHM,q3,8.500613803721873,0.0490397021863221,385,H
9,45818_93_click,R_2gMZWe45lUBEG4G,1,Female,Western (European),I did not recognise any,Several,1,4,3,Male,45818,ClickHM,q3,8.500613803721873,0.0490397021863221,385,H
10,43497_125_copy,R_4D60W3B6wX1h9Xx,0,Male,Western (European),A few,A few,1,3,3,Female,43497,CertifiedCopyAM,q1,5.001842222182589,0.0280413893514024,49,A
11,43497_125_copy,R_4qQMLscNluEpaap,0,Male,Western (European),Several,Many,1,4,4,Female,43497,CertifiedCopyAM,q1,5.001842222182589,0.0280413893514024,49,A
12,43497_125_copy,R_352CHoQuTIcxeX7,0,Male,Western (European),A few,Several,1,4,5,Female,43497,CertifiedCopyAM,q1,5.001842222182589,0.0280413893514024,49,A
13,43497_125_copy,R_6IYHUEepiTMixB8,0,Male,Middle-eastern,Many,Many,1,2,6,Female,43497,CertifiedCopyAM,q1,5.001842222182589,0.0280413893514024,49,A
14,43497_125_copy,R_2gMZWe45lUBEG4G,1,Female,Western (European),I did not recognise any,Several,1,3,4,Female,43497,CertifiedCopyAM,q1,5.001842222182589,0.0280413893514024,49,A
15,23649_13_kvant,R_4D60W3B6wX1h9Xx,0,Male,Western (European),A few,A few,1,1,1,Male,23649,QuantumOfSolaceHM,q2,8.248101467343742,0.0464134697979185,11,H
16,23649_13_kvant,R_4qQMLscNluEpaap,0,Male,Western (European),Several,Many,1,2,1,Male,23649,QuantumOfSolaceHM,q2,8.248101467343742,0.0464134697979185,11,H
17,23649_13_kvant,R_352CHoQuTIcxeX7,0,Male,Western (European),A few,Several,1,2,2,Male,23649,QuantumOfSolaceHM,q2,8.248101467343742,0.0464134697979185,11,H
18,23649_13_kvant,R_6IYHUEepiTMixB8,0,Male,Middle-eastern,Many,Many,1,5,1,Male,23649,QuantumOfSolaceHM,q2,8.248101467343742,0.0464134697979185,11,H
19,23649_13_kvant,R_2gMZWe45lUBEG4G,1,Female,Western (European),I did not recognise any,Several,1,3,3,Male,23649,QuantumOfSolaceHM,q2,8.248101467343742,0.0464134697979185,11,H
20,104993_227_click,R_4D60W3B6wX1h9Xx,0,Male,Western (European),A few,A few,1,4,3,Male,104993,ClickHM,q3,9.940101553636037,0.0567337579663444,395,H
21,104993_227_click,R_4qQMLscNluEpaap,0,Male,Western (European),Several,Many,1,7,1,Male,104993,ClickHM,q3,9.940101553636037,0.0567337579663444,395,H
22,104993_227_click,R_352CHoQuTIcxeX7,0,Male,Western (European),A few,Several,1,5,2,Male,104993,ClickHM,q3,9.940101553636037,0.0567337579663444,395,H
23,104993_227_click,R_6IYHUEepiTMixB8,0,Male,Middle-eastern,Many,Many,1,5,2,Male,104993,ClickHM,q3,9.940101553636037,0.0567337579663444,395,H
24,104993_227_click,R_2gMZWe45lUBEG4G,1,Female,Western (European),I did not recognise any,Several,1,6,3,Male,104993,ClickHM,q3,9.940101553636037,0.0567337579663444,395,H
25,98673_218_click,R_4D60W3B6wX1h9Xx,0,Male,Western (European),A few,A few,1,2,3,Male,98673,ClickHM,q3,9.672300608274735,0.0565709961241963,378,H
26,98673_218_click,R_4qQMLscNluEpaap,0,Male,Western (European),Several,Many,1,4,6,Male,98673,ClickHM,q3,9.672300608274735,0.0565709961241963,378,H
27,98673_218_click,R_352CHoQuTIcxeX7,0,Male,Western (European),A few,Several,1,6,7,Male,98673,ClickHM,q3,9.672300608274735,0.0565709961241963,378,H
28,98673_218_click,R_6IYHUEepiTMixB8,0,Male,Middle-eastern,Many,Many,1,1,6,Male,98673,ClickHM,q3,9.672300608274735,0.0565709961241963,378,H
29,98673_218_click,R_2gMZWe45lUBEG4G,1,Female,Western (European),I did not recognise any,Several,1,4,6,Male,98673,ClickHM,q3,9.672300608274735,0.0565709961241963,378,H
30,38348_64_bright,R_4D60W3B6wX1h9Xx,0,Male,Western (European),A few,A few,1,1,1,Male,38348,BrightStarAM,q2,8.218549818020552,0.0475356572761677,25,A
31,38348_64_bright,R_4qQMLscNluEpaap,0,Male,Western (European),Several,Many,1,3,1,Male,38348,BrightStarAM,q2,8.218549818020552,0.0475356572761677,25,A
32,38348_64_bright,R_352CHoQuTIcxeX7,0,Male,Western (European),A few,Several,1,3,3,Male,38348,BrightStarAM,q2,8.218549818020552,0.0475356572761677,25,A
33,38348_64_bright,R_6IYHUEepiTMixB8,0,Male,Middle-eastern,Many,Many,1,4,1,Male,38348,BrightStarAM,q2,8.218549818020552,0.0475356572761677,25,A
34,38348_64_bright,R_2gMZWe45lUBEG4G,1,Female,Western (European),I did not recognise any,Several,1,5,4,Male,38348,BrightStarAM,q2,8.218549818020552,0.0475356572761677,25,A
35,24017_22_fast,R_4D60W3B6wX1h9Xx,0,Male,Western (European),A few,A few,1,1,1,Male,24017,FastAndFuriousHM,q4,12.153213375250084,0.0712111997714792,200,H
36,24017_22_fast,R_4qQMLscNluEpaap,0,Male,Western (European),Several,Many,1,4,1,Male,24017,FastAndFuriousHM,q4,12.153213375250084,0.0712111997714792,200,H
37,24017_22_fast,R_352CHoQuTIcxeX7,0,Male,Western (European),A few,Several,1,5,3,Male,24017,FastAndFuriousHM,q4,12.153213375250084,0.0712111997714792,200,H
38,24017_22_fast,R_6IYHUEepiTMixB8,0,Male,Middle-eastern,Many,Many,1,5,1,Male,24017,FastAndFuriousHM,q4,12.153213375250084,0.0712111997714792,200,H
39,24017_22_fast,R_2gMZWe45lUBEG4G,1,Female,Western (European),I did not recognise any,Several,1,5,2,Male,24017,FastAndFuriousHM,q4,12.153213375250084,0.0712111997714792,200,H
40,90795_101_fast,R_4D60W3B6wX1h9Xx,0,Male,Western (European),A few,A few,1,3,2,Male,90795,FastAndFuriousHM,q2,7.838618872503561,0.0477429529954602,177,H
41,90795_101_fast,R_4qQMLscNluEpaap,0,Male,Western (European),Several,Many,1,5,5,Male,90795,FastAndFuriousHM,q2,7.838618872503561,0.0477429529954602,177,H
42,90795_101_fast,R_352CHoQuTIcxeX7,0,Male,Western (European),A few,Several,1,5,4,Male,90795,FastAndFuriousHM,q2,7.838618872503561,0.0477429529954602,177,H
43,90795_101_fast,R_6IYHUEepiTMixB8,0,Male,Middle-eastern,Many,Many,1,7,1,Male,90795,FastAndFuriousHM,q2,7.838618872503561,0.0477429529954602,177,H
44,90795_101_fast,R_2gMZWe45lUBEG4G,1,Female,Western (European),I did not recognise any,Several,1,5,3,Male,90795,FastAndFuriousHM,q2,7.838618872503561,0.0477429529954602,177,H
45,66990_95_clean,R_4D60W3B6wX1h9Xx,0,Male,Western (European),A few,A few,1,2,1,Female,66990,CleanAM,q2,6.897291354491394,0.0404776465556141,49,A
46,66990_95_clean,R_4qQMLscNluEpaap,0,Male,Western (European),Several,Many,1,2,2,Female,66990,CleanAM,q2,6.897291354491394,0.0404776465556141,49,A
47,66990_95_clean,R_352CHoQuTIcxeX7,0,Male,Western (European),A few,Several,1,3,3,Female,66990,CleanAM,q2,6.897291354491394,0.0404776465556141,49,A
48,66990_95_clean,R_6IYHUEepiTMixB8,0,Male,Middle-eastern,Many,Many,1,4,3,Female,66990,CleanAM,q2,6.897291354491394,0.0404776465556141,49,A
49,66990_95_clean,R_2gMZWe45lUBEG4G,1,Female,Western (European),I did not recognise any,Several,1,3,4,Female,66990,CleanAM,q2,6.897291354491394,0.0404776465556141,49,A
50,141345_240_bright,R_4D60W3B6wX1h9Xx,0,Male,Western (European),A few,A few,1,4,2,Female,141345,BrightStarAM,q4,10.166007063127314,0.0610508751050663,102,A
51,141345_240_bright,R_4qQMLscNluEpaap,0,Male,Western (European),Several,Many,1,5,1,Female,141345,BrightStarAM,q4,10.166007063127314,0.0610508751050663,102,A
52,141345_240_bright,R_352CHoQuTIcxeX7,0,Male,Western (European),A few,Several,1,6,3,Female,141345,BrightStarAM,q4,10.166007063127314,0.0610508751050663,102,A
53,141345_240_bright,R_6IYHUEepiTMixB8,0,Male,Middle-eastern,Many,Many,1,2,4,Female,141345,BrightStarAM,q4,10.166007063127314,0.0610508751050663,102,A
54,141345_240_bright,R_2gMZWe45lUBEG4G,1,Female,Western (European),I did not recognise any,Several,1,6,2,Female,141345,BrightStarAM,q4,10.166007063127314,0.0610508751050663,102,A
55,83857_160_dark_batman,R_4D60W3B6wX1h9Xx,0,Male,Western (European),A few,A few,1,1,1,Male,83857,TheDarkKnightHM,q1,5.224053110469915,0.0284107012882021,46,H
56,83857_160_dark_batman,R_4qQMLscNluEpaap,0,Male,Western (European),Several,Many,1,3,1,Male,83857,TheDarkKnightHM,q1,5.224053110469915,0.0284107012882021,46,H
57,83857_160_dark_batman,R_352CHoQuTIcxeX7,0,Male,Western (European),A few,Several,1,3,3,Male,83857,TheDarkKnightHM,q1,5.224053110469915,0.0284107012882021,46,H
58,83857_160_dark_batman,R_6IYHUEepiTMixB8,0,Male,Middle-eastern,Many,Many,1,6,1,Male,83857,TheDarkKnightHM,q1,5.224053110469915,0.0284107012882021,46,H
59,83857_160_dark_batman,R_2gMZWe45lUBEG4G,1,Female,Western (European),I did not recognise any,Several,1,4,2,Male,83857,TheDarkKnightHM,q1,5.224053110469915,0.0284107012882021,46,H
60,122353_131_kvant,R_4D60W3B6wX1h9Xx,0,Male,Western (European),A few,A few,1,3,2,Male,122353,QuantumOfSolaceHM,q2,5.351938769259337,0.0308910399595934,73,H
61,122353_131_kvant,R_4qQMLscNluEpaap,0,Male,Western (European),Several,Many,1,5,5,Male,122353,QuantumOfSolaceHM,q2,5.351938769259337,0.0308910399595934,73,H
62,122353_131_kvant,R_352CHoQuTIcxeX7,0,Male,Western (European),A few,Several,1,4,3,Male,122353,QuantumOfSolaceHM,q2,5.351938769259337,0.0308910399595934,73,H
63,122353_131_kvant,R_6IYHUEepiTMixB8,0,Male,Middle-eastern,Many,Many,1,2,1,Male,122353,QuantumOfSolaceHM,q2,5.351938769259337,0.0308910399595934,73,H
64,122353_131_kvant,R_2gMZWe45lUBEG4G,1,Female,Western (European),I did not recognise any,Several,1,4,3,Male,122353,QuantumOfSolaceHM,q2,5.351938769259337,0.0308910399595934,73,H
65,70926_194_copy,R_4D60W3B6wX1h9Xx,0,Male,Western (European),A few,A few,1,2,2,Female,70926,CertifiedCopyAM,q2,6.871435283426093,0.039442566275922,83,A
66,70926_194_copy,R_4qQMLscNluEpaap,0,Male,Western (European),Several,Many,1,3,2,Female,70926,CertifiedCopyAM,q2,6.871435283426093,0.039442566275922,83,A
67,70926_194_copy,R_352CHoQuTIcxeX7,0,Male,Western (European),A few,Several,1,3,3,Female,70926,CertifiedCopyAM,q2,6.871435283426093,0.039442566275922,83,A
68,70926_194_copy,R_6IYHUEepiTMixB8,0,Male,Middle-eastern,Many,Many,1,5,1,Female,70926,CertifiedCopyAM,q2,6.871435283426093,0.039442566275922,83,A
69,70926_194_copy,R_2gMZWe45lUBEG4G,1,Female,Western (European),I did not recognise any,Several,1,4,5,Female,70926,CertifiedCopyAM,q2,6.871435283426093,0.039442566275922,83,A
70,74250_62_kvant,R_4D60W3B6wX1h9Xx,0,Male,Western (European),A few,A few,1,3,2,Male,74250,QuantumOfSolaceHM,q1,2.40804040636488,0.0129116070754982,33,H
71,74250_62_kvant,R_4qQMLscNluEpaap,0,Male,Western (European),Several,Many,1,2,3,Male,74250,QuantumOfSolaceHM,q1,2.40804040636488,0.0129116070754982,33,H
72,74250_62_kvant,R_352CHoQuTIcxeX7,0,Male,Western (European),A few,Several,1,4,3,Male,74250,QuantumOfSolaceHM,q1,2.40804040636488,0.0129116070754982,33,H
73,74250_62_kvant,R_6IYHUEepiTMixB8,0,Male,Middle-eastern,Many,Many,1,4,1,Male,74250,QuantumOfSolaceHM,q1,2.40804040636488,0.0129116070754982,33,H
74,74250_62_kvant,R_2gMZWe45lUBEG4G,1,Female,Western (European),I did not recognise any,Several,1,2,3,Male,74250,QuantumOfSolaceHM,q1,2.40804040636488,0.0129116070754982,33,H
75,39881_66_bright,R_4D60W3B6wX1h9Xx,0,Male,Western (European),A few,A few,1,1,2,Female,39881,BrightStarAM,q2,9.724813924915193,0.0576389520887808,26,A
76,39881_66_bright,R_4qQMLscNluEpaap,0,Male,Western (European),Several,Many,1,4,5,Female,39881,BrightStarAM,q2,9.724813924915193,0.0576389520887808,26,A
77,39881_66_bright,R_352CHoQuTIcxeX7,0,Male,Western (European),A few,Several,1,3,6,Female,39881,BrightStarAM,q2,9.724813924915193,0.0576389520887808,26,A
78,39881_66_bright,R_6IYHUEepiTMixB8,0,Male,Middle-eastern,Many,Many,1,1,5,Female,39881,BrightStarAM,q2,9.724813924915193,0.0576389520887808,26,A
79,39881_66_bright,R_2gMZWe45lUBEG4G,1,Female,Western (European),I did not recognise any,Several,1,4,5,Female,39881,BrightStarAM,q2,9.724813924915193,0.0576389520887808,26,A
80,56722_117_allornothing,R_4D60W3B6wX1h9Xx,0,Male,Western (European),A few,A few,1,2,2,Male,56722,AllOrNothingAM,q4,14.96127489501722,0.0906565089993259,34,A
81,56722_117_allornothing,R_4qQMLscNluEpaap,0,Male,Western (European),Several,Many,1,2,4,Male,56722,AllOrNothingAM,q4,14.96127489501722,0.0906565089993259,34,A
82,56722_117_allornothing,R_352CHoQuTIcxeX7,0,Male,Western (European),A few,Several,1,5,2,Male,56722,AllOrNothingAM,q4,14.96127489501722,0.0906565089993259,34,A
83,56722_117_allornothing,R_6IYHUEepiTMixB8,0,Male,Middle-eastern,Many,Many,1,6,2,Male,56722,AllOrNothingAM,q4,14.96127489501722,0.0906565089993259,34,A
84,56722_117_allornothing,R_2gMZWe45lUBEG4G,1,Female,Western (European),I did not recognise any,Several,1,4,3,Male,56722,AllOrNothingAM,q4,14.96127489501722,0.0906565089993259,34,A
85,15217_21_bright,R_4D60W3B6wX1h9Xx,0,Male,Western (European),A few,A few,1,3,2,Male,15217,BrightStarAM,q2,6.151729987161423,0.0351057825658173,6,A
86,15217_21_bright,R_4qQMLscNluEpaap,0,Male,Western (European),Several,Many,1,5,5,Male,15217,BrightStarAM,q2,6.151729987161423,0.0351057825658173,6,A
87,15217_21_bright,R_352CHoQuTIcxeX7,0,Male,Western (European),A few,Several,1,4,4,Male,15217,BrightStarAM,q2,6.151729987161423,0.0351057825658173,6,A
88,15217_21_bright,R_6IYHUEepiTMixB8,0,Male,Middle-eastern,Many,Many,1,1,5,Male,15217,BrightStarAM,q2,6.151729987161423,0.0351057825658173,6,A
89,15217_21_bright,R_2gMZWe45lUBEG4G,1,Female,Western (European),I did not recognise any,Several,1,6,6,Male,15217,BrightStarAM,q2,6.151729987161423,0.0351057825658173,6,A
90,141753_335_allornothing,R_4D60W3B6wX1h9Xx,0,Male,Western (European),A few,A few,1,4,2,Female,141753,AllOrNothingAM,q4,12.302554669315496,0.0743092966755101,149,A
91,141753_335_allornothing,R_4qQMLscNluEpaap,0,Male,Western (European),Several,Many,1,6,3,Female,141753,AllOrNothingAM,q4,12.302554669315496,0.0743092966755101,149,A
92,141753_335_allornothing,R_352CHoQuTIcxeX7,0,Male,Western (European),A few,Several,1,6,5,Female,141753,AllOrNothingAM,q4,12.302554669315496,0.0743092966755101,149,A
93,141753_335_allornothing,R_6IYHUEepiTMixB8,0,Male,Middle-eastern,Many,Many,1,2,6,Female,141753,AllOrNothingAM,q4,12.302554669315496,0.0743092966755101,149,A
94,141753_335_allornothing,R_2gMZWe45lUBEG4G,1,Female,Western (European),I did not recognise any,Several,1,4,4,Female,141753,AllOrNothingAM,q4,12.302554669315496,0.0743092966755101,149,A
95,116024_345_copy,R_4D60W3B6wX1h9Xx,0,Male,Western (European),A few,A few,1,2,2,Male,116024,CertifiedCopyAM,q1,4.463139304462913,0.0241178071288439,127,A
96,116024_345_copy,R_4qQMLscNluEpaap,0,Male,Western (European),Several,Many,1,4,2,Male,116024,CertifiedCopyAM,q1,4.463139304462913,0.0241178071288439,127,A
97,116024_345_copy,R_352CHoQuTIcxeX7,0,Male,Western (European),A few,Several,1,3,3,Female,116024,CertifiedCopyAM,q1,4.463139304462913,0.0241178071288439,127,A
98,116024_345_copy,R_6IYHUEepiTMixB8,0,Male,Middle-eastern,Many,Many,1,4,2,Female,116024,CertifiedCopyAM,q1,4.463139304462913,0.0241178071288439,127,A
99,116024_345_copy,R_2gMZWe45lUBEG4G,1,Female,Western (European),I did not recognise any,Several,1,2,2,Female,116024,CertifiedCopyAM,q1,4.463139304462913,0.0241178071288439,127,A
100,110721_194_spider,R_4D60W3B6wX1h9Xx,0,Male,Western (European),A few,A few,1,1,1,Male,110721,SpiderAM,q2,6.610207435512337,0.0368972219039316,94,A
101,110721_194_spider,R_4qQMLscNluEpaap,0,Male,Western (European),Several,Many,1,4,1,Male,110721,SpiderAM,q2,6.610207435512337,0.0368972219039316,94,A
102,110721_194_spider,R_352CHoQuTIcxeX7,0,Male,Western (European),A few,Several,1,2,2,Male,110721,SpiderAM,q2,6.610207435512337,0.0368972219039316,94,A
103,110721_194_spider,R_6IYHUEepiTMixB8,0,Male,Middle-eastern,Many,Many,1,2,4,Male,110721,SpiderAM,q2,6.610207435512337,0.0368972219039316,94,A
104,110721_194_spider,R_2gMZWe45lUBEG4G,1,Female,Western (European),I did not recognise any,Several,1,3,1,Male,110721,SpiderAM,q2,6.610207435512337,0.0368972219039316,94,A
105,101065_166_bright,R_4D60W3B6wX1h9Xx,0,Male,Western (European),A few,A few,1,2,1,Female,101065,BrightStarAM,q4,16.273852595013942,0.0994237004371439,65,A
106,101065_166_bright,R_4qQMLscNluEpaap,0,Male,Western (European),Several,Many,1,2,3,Female,101065,BrightStarAM,q4,16.273852595013942,0.0994237004371439,65,A
107,101065_166_bright,R_352CHoQuTIcxeX7,0,Male,Western (European),A few,Several,1,3,4,Female,101065,BrightStarAM,q4,16.273852595013942,0.0994237004371439,65,A
108,101065_166_bright,R_6IYHUEepiTMixB8,0,Male,Middle-eastern,Many,Many,1,3,4,Female,101065,BrightStarAM,q4,16.273852595013942,0.0994237004371439,65,A
109,101065_166_bright,R_2gMZWe45lUBEG4G,1,Female,Western (European),I did not recognise any,Several,1,3,4,Female,101065,BrightStarAM,q4,16.273852595013942,0.0994237004371439,65,A
110,41513_57_clean,R_4D60W3B6wX1h9Xx,0,Male,Western (European),A few,A few,1,1,1,Female,41513,CleanAM,q1,5.487732923664706,0.0300528726480822,28,A
111,41513_57_clean,R_4qQMLscNluEpaap,0,Male,Western (European),Several,Many,1,1,1,Female,41513,CleanAM,q1,5.487732923664706,0.0300528726480822,28,A
112,41513_57_clean,R_352CHoQuTIcxeX7,0,Male,Western (European),A few,Several,1,2,2,I cannot tell,41513,CleanAM,q1,5.487732923664706,0.0300528726480822,28,A
113,41513_57_clean,R_6IYHUEepiTMixB8,0,Male,Middle-eastern,Many,Many,1,4,1,Female,41513,CleanAM,q1,5.487732923664706,0.0300528726480822,28,A
114,41513_57_clean,R_2gMZWe45lUBEG4G,1,Female,Western (European),I did not recognise any,Several,1,3,2,Female,41513,CleanAM,q1,5.487732923664706,0.0300528726480822,28,A
115,44693_130_copy,R_4D60W3B6wX1h9Xx,0,Male,Western (European),A few,A few,1,3,2,Female,44693,CertifiedCopyAM,q2,5.633386824641748,0.0315626533959753,54,A
116,44693_130_copy,R_4qQMLscNluEpaap,0,Male,Western (European),Several,Many,1,5,1,Female,44693,CertifiedCopyAM,q2,5.633386824641748,0.0315626533959753,54,A
117,44693_130_copy,R_352CHoQuTIcxeX7,0,Male,Western (European),A few,Several,1,5,3,Female,44693,CertifiedCopyAM,q2,5.633386824641748,0.0315626533959753,54,A
118,44693_130_copy,R_6IYHUEepiTMixB8,0,Male,Middle-eastern,Many,Many,1,2,1,Female,44693,CertifiedCopyAM,q2,5.633386824641748,0.0315626533959753,54,A
119,44693_130_copy,R_2gMZWe45lUBEG4G,1,Female,Western (European),I did not recognise any,Several,1,4,3,Female,44693,CertifiedCopyAM,q2,5.633386824641748,0.0315626533959753,54,A
120,86585_197_allornothing,R_4D60W3B6wX1h9Xx,0,Male,Western (European),A few,A few,1,3,2,Female,86585,AllOrNothingAM,q2,6.8134268773370215,0.0389601384186422,69,A
121,86585_197_allornothing,R_4qQMLscNluEpaap,0,Male,Western (European),Several,Many,1,4,2,Female,86585,AllOrNothingAM,q2,6.8134268773370215,0.0389601384186422,69,A
122,86585_197_allornothing,R_352CHoQuTIcxeX7,0,Male,Western (European),A few,Several,1,3,4,Female,86585,AllOrNothingAM,q2,6.8134268773370215,0.0389601384186422,69,A
123,86585_197_allornothing,R_6IYHUEepiTMixB8,0,Male,Middle-eastern,Many,Many,1,6,4,Female,86585,AllOrNothingAM,q2,6.8134268773370215,0.0389601384186422,69,A
124,86585_197_allornothing,R_2gMZWe45lUBEG4G,1,Female,Western (European),I did not recognise any,Several,1,6,3,Female,86585,AllOrNothingAM,q2,6.8134268773370215,0.0389601384186422,69,A
125,90361_245_newyork,R_4D60W3B6wX1h9Xx,0,Male,Western (European),A few,A few,1,2,2,Female,90361,SynecdocheAM,q1,3.2262250303143074,0.0182631767990024,91,A
126,90361_245_newyork,R_4qQMLscNluEpaap,0,Male,Western (European),Several,Many,1,3,1,Female,90361,SynecdocheAM,q1,3.2262250303143074,0.0182631767990024,91,A
127,90361_245_newyork,R_352CHoQuTIcxeX7,0,Male,Western (European),A few,Several,1,1,2,Female,90361,SynecdocheAM,q1,3.2262250303143074,0.0182631767990024,91,A
128,90361_245_newyork,R_6IYHUEepiTMixB8,0,Male,Middle-eastern,Many,Many,1,3,6,Female,90361,SynecdocheAM,q1,3.2262250303143074,0.0182631767990024,91,A
129,90361_245_newyork,R_2gMZWe45lUBEG4G,1,Female,Western (European),I did not recognise any,Several,1,6,4,Female,90361,SynecdocheAM,q1,3.2262250303143074,0.0182631767990024,91,A
130,74601_168_click,R_4D60W3B6wX1h9Xx,0,Male,Western (European),A few,A few,1,5,3,Female,74601,ClickHM,q1,7.699302804992047,0.0459591471037427,508,H
131,74601_168_click,R_4qQMLscNluEpaap,0,Male,Western (European),Several,Many,1,6,6,Female,74601,ClickHM,q1,7.699302804992047,0.0459591471037427,508,H
132,74601_168_click,R_352CHoQuTIcxeX7,0,Male,Western (European),A few,Several,1,4,5,Female,74601,ClickHM,q1,7.699302804992047,0.0459591471037427,508,H
133,74601_168_click,R_6IYHUEepiTMixB8,0,Male,Middle-eastern,Many,Many,1,2,3,Female,74601,ClickHM,q1,7.699302804992047,0.0459591471037427,508,H
134,74601_168_click,R_2gMZWe45lUBEG4G,1,Female,Western (European),I did not recognise any,Several,1,4,5,Female,74601,ClickHM,q1,7.699302804992047,0.0459591471037427,508,H
135,51617_67_clean,R_4D60W3B6wX1h9Xx,0,Male,Western (European),A few,A few,1,1,1,Female,51617,CleanAM,q1,4.462915514737913,0.0250227384654315,36,A
136,51617_67_clean,R_4qQMLscNluEpaap,0,Male,Western (European),Several,Many,1,2,1,Female,51617,CleanAM,q1,4.462915514737913,0.0250227384654315,36,A
137,51617_67_clean,R_352CHoQuTIcxeX7,0,Male,Western (European),A few,Several,1,2,1,Female,51617,CleanAM,q1,4.462915514737913,0.0250227384654315,36,A
138,51617_67_clean,R_6IYHUEepiTMixB8,0,Male,Middle-eastern,Many,Many,1,4,1,Female,51617,CleanAM,q1,4.462915514737913,0.0250227384654315,36,A
139,51617_67_clean,R_2gMZWe45lUBEG4G,1,Female,Western (European),I did not recognise any,Several,1,3,2,Female,51617,CleanAM,q1,4.462915514737913,0.0250227384654315,36,A
140,197265_273_pirates,R_4D60W3B6wX1h9Xx,0,Male,Western (European),A few,A few,1,1,1,Male,197265,PiratesOfCaribbeanHM,q4,11.98785400390358,0.0724023337276124,354,H
141,197265_273_pirates,R_4qQMLscNluEpaap,0,Male,Western (European),Several,Many,1,3,1,Male,197265,PiratesOfCaribbeanHM,q4,11.98785400390358,0.0724023337276124,354,H
142,197265_273_pirates,R_352CHoQuTIcxeX7,0,Male,Western (European),A few,Several,1,4,4,Male,197265,PiratesOfCaribbeanHM,q4,11.98785400390358,0.0724023337276124,354,H
143,197265_273_pirates,R_6IYHUEepiTMixB8,0,Male,Middle-eastern,Many,Many,1,6,1,Male,197265,PiratesOfCaribbeanHM,q4,11.98785400390358,0.0724023337276124,354,H
144,197265_273_pirates,R_2gMZWe45lUBEG4G,1,Female,Western (European),I did not recognise any,Several,1,4,1,Male,197265,PiratesOfCaribbeanHM,q4,11.98785400390358,0.0724023337276124,354,H
145,132769_299_allornothing,R_4D60W3B6wX1h9Xx,0,Male,Western (European),A few,A few,1,3,1,Female,132769,AllOrNothingAM,q3,9.684918730937817,0.0548936571824067,130,A
146,132769_299_allornothing,R_4qQMLscNluEpaap,0,Male,Western (European),Several,Many,1,6,1,Female,132769,AllOrNothingAM,q3,9.684918730937817,0.0548936571824067,130,A
147,132769_299_allornothing,R_352CHoQuTIcxeX7,0,Male,Western (European),A few,Several,1,6,3,Female,132769,AllOrNothingAM,q3,9.684918730937817,0.0548936571824067,130,A
148,132769_299_allornothing,R_6IYHUEepiTMixB8,0,Male,Middle-eastern,Many,Many,1,1,2,Female,132769,AllOrNothingAM,q3,9.684918730937817,0.0548936571824067,130,A
149,132769_299_allornothing,R_2gMZWe45lUBEG4G,1,Female,Western (European),I did not recognise any,Several,1,6,3,Female,132769,AllOrNothingAM,q3,9.684918730937817,0.0548936571824067,130,A
150,41772_55_spider,R_4D60W3B6wX1h9Xx,0,Male,Western (European),A few,A few,1,2,1,Male,41772,SpiderAM,q4,12.29375472561345,0.0757656514468161,23,A
151,41772_55_spider,R_4qQMLscNluEpaap,0,Male,Western (European),Several,Many,1,6,1,Male,41772,SpiderAM,q4,12.29375472561345,0.0757656514468161,23,A
152,41772_55_spider,R_352CHoQuTIcxeX7,0,Male,Western (European),A few,Several,1,5,3,Male,41772,SpiderAM,q4,12.29375472561345,0.0757656514468161,23,A
153,41772_55_spider,R_6IYHUEepiTMixB8,0,Male,Middle-eastern,Many,Many,1,3,6,Male,41772,SpiderAM,q4,12.29375472561345,0.0757656514468161,23,A
154,41772_55_spider,R_2gMZWe45lUBEG4G,1,Female,Western (European),I did not recognise any,Several,1,3,4,Male,41772,SpiderAM,q4,12.29375472561345,0.0757656514468161,23,A
155,188041_308_dark_batman,R_4D60W3B6wX1h9Xx,0,Male,Western (European),A few,A few,1,2,2,Male,188041,TheDarkKnightHM,q4,11.233435542974908,0.0656238531504853,105,H
156,188041_308_dark_batman,R_4qQMLscNluEpaap,0,Male,Western (European),Several,Many,1,5,1,Male,188041,TheDarkKnightHM,q4,11.233435542974908,0.0656238531504853,105,H
157,188041_308_dark_batman,R_352CHoQuTIcxeX7,0,Male,Western (European),A few,Several,1,4,3,Male,188041,TheDarkKnightHM,q4,11.233435542974908,0.0656238531504853,105,H
158,188041_308_dark_batman,R_6IYHUEepiTMixB8,0,Male,Middle-eastern,Many,Many,1,4,2,Male,188041,TheDarkKnightHM,q4,11.233435542974908,0.0656238531504853,105,H
159,188041_308_dark_batman,R_2gMZWe45lUBEG4G,1,Female,Western (European),I did not recognise any,Several,1,6,2,Male,188041,TheDarkKnightHM,q4,11.233435542974908,0.0656238531504853,105,H
160,149355_244_clean,R_4D60W3B6wX1h9Xx,0,Male,Western (European),A few,A few,1,1,1,Male,149355,CleanAM,q4,12.761452910433972,0.0832123401438206,157,A
161,149355_244_clean,R_4qQMLscNluEpaap,0,Male,Western (European),Several,Many,1,1,1,Male,149355,CleanAM,q4,12.761452910433972,0.0832123401438206,157,A
162,149355_244_clean,R_352CHoQuTIcxeX7,0,Male,Western (European),A few,Several,1,2,2,Male,149355,CleanAM,q4,12.761452910433972,0.0832123401438206,157,A
163,149355_244_clean,R_6IYHUEepiTMixB8,0,Male,Middle-eastern,Many,Many,1,4,2,Male,149355,CleanAM,q4,12.761452910433972,0.0832123401438206,157,A
164,149355_244_clean,R_2gMZWe45lUBEG4G,1,Female,Western (European),I did not recognise any,Several,1,2,2,Male,149355,CleanAM,q4,12.761452910433972,0.0832123401438206,157,A
165,32665_66_monster,R_4D60W3B6wX1h9Xx,0,Male,Western (European),A few,A few,1,4,6,Female,32665,MonsterInLawHM,q1,4.845880282240564,0.0272405974393283,38,H
166,32665_66_monster,R_4qQMLscNluEpaap,0,Male,Western (European),Several,Many,1,4,5,Female,32665,MonsterInLawHM,q1,4.845880282240564,0.0272405974393283,38,H
167,32665_66_monster,R_352CHoQuTIcxeX7,0,Male,Western (European),A few,Several,1,4,6,Female,32665,MonsterInLawHM,q1,4.845880282240564,0.0272405974393283,38,H
168,32665_66_monster,R_6IYHUEepiTMixB8,0,Male,Middle-eastern,Many,Many,1,1,6,Female,32665,MonsterInLawHM,q1,4.845880282240564,0.0272405974393283,38,H
169,32665_66_monster,R_2gMZWe45lUBEG4G,1,Female,Western (European),I did not recognise any,Several,1,5,4,Female,32665,MonsterInLawHM,q1,4.845880282240564,0.0272405974393283,38,H
170,76150_211_copy,R_4D60W3B6wX1h9Xx,0,Male,Western (European),A few,A few,1,4,6,Female,76150,CertifiedCopyAM,q1,5.235876401010214,0.0315051409438274,99,A
171,76150_211_copy,R_4qQMLscNluEpaap,0,Male,Western (European),Several,Many,1,4,5,Female,76150,CertifiedCopyAM,q1,5.235876401010214,0.0315051409438274,99,A
172,76150_211_copy,R_352CHoQuTIcxeX7,0,Male,Western (European),A few,Several,1,4,6,Female,76150,CertifiedCopyAM,q1,5.235876401010214,0.0315051409438274,99,A
173,76150_211_copy,R_6IYHUEepiTMixB8,0,Male,Middle-eastern,Many,Many,1,1,6,Female,76150,CertifiedCopyAM,q1,5.235876401010214,0.0315051409438274,99,A
174,76150_211_copy,R_2gMZWe45lUBEG4G,1,Female,Western (European),I did not recognise any,Several,1,5,4,Female,76150,CertifiedCopyAM,q1,5.235876401010214,0.0315051409438274,99,A
175,127529_205_clean,R_4D60W3B6wX1h9Xx,0,Male,Western (European),A few,A few,1,2,1,Female,127529,CleanAM,q2,5.667981551390688,0.0319251728909431,127,A
176,127529_205_clean,R_4qQMLscNluEpaap,0,Male,Western (European),Several,Many,1,2,2,Female,127529,CleanAM,q2,5.667981551390688,0.0319251728909431,127,A
177,127529_205_clean,R_352CHoQuTIcxeX7,0,Male,Western (European),A few,Several,1,3,4,Female,127529,CleanAM,q2,5.667981551390688,0.0319251728909431,127,A
178,127529_205_clean,R_6IYHUEepiTMixB8,0,Male,Middle-eastern,Many,Many,1,1,2,Female,127529,CleanAM,q2,5.667981551390688,0.0319251728909431,127,A
179,127529_205_clean,R_2gMZWe45lUBEG4G,1,Female,Western (European),I did not recognise any,Several,1,5,3,Female,127529,CleanAM,q2,5.667981551390688,0.0319251728909431,127,A
180,89145_239_newyork,R_4D60W3B6wX1h9Xx,0,Male,Western (European),A few,A few,1,1,1,Female,89145,SynecdocheAM,q1,6.549298028648742,0.0378932590395811,85,A
181,89145_239_newyork,R_4qQMLscNluEpaap,0,Male,Western (European),Several,Many,1,2,2,Female,89145,SynecdocheAM,q1,6.549298028648742,0.0378932590395811,85,A
182,89145_239_newyork,R_352CHoQuTIcxeX7,0,Male,Western (European),A few,Several,1,3,3,Female,89145,SynecdocheAM,q1,6.549298028648742,0.0378932590395811,85,A
183,89145_239_newyork,R_6IYHUEepiTMixB8,0,Male,Middle-eastern,Many,Many,1,4,3,Female,89145,SynecdocheAM,q1,6.549298028648742,0.0378932590395811,85,A
184,89145_239_newyork,R_2gMZWe45lUBEG4G,1,Female,Western (European),I did not recognise any,Several,1,4,3,Female,89145,SynecdocheAM,q1,6.549298028648742,0.0378932590395811,85,A
185,87241_201_allornothing,R_4D60W3B6wX1h9Xx,0,Male,Western (European),A few,A few,1,3,2,Female,87241,AllOrNothingAM,q2,6.799819222766476,0.0395973297121928,73,A
186,87241_201_allornothing,R_4qQMLscNluEpaap,0,Male,Western (European),Several,Many,1,4,2,Female,87241,AllOrNothingAM,q2,6.799819222766476,0.0395973297121928,73,A
187,87241_201_allornothing,R_352CHoQuTIcxeX7,0,Male,Western (European),A few,Several,1,6,6,Female,87241,AllOrNothingAM,q2,6.799819222766476,0.0395973297121928,73,A
188,87241_201_allornothing,R_6IYHUEepiTMixB8,0,Male,Middle-eastern,Many,Many,1,5,2,Female,87241,AllOrNothingAM,q2,6.799819222766476,0.0395973297121928,73,A
189,87241_201_allornothing,R_2gMZWe45lUBEG4G,1,Female,Western (European),I did not recognise any,Several,1,5,4,Female,87241,AllOrNothingAM,q2,6.799819222766476,0.0395973297121928,73,A
190,98137_172_spider,R_4D60W3B6wX1h9Xx,0,Male,Western (European),A few,A few,1,2,1,Male,98137,SpiderAM,q3,9.706257431388142,0.0573595711236467,80,A
191,98137_172_spider,R_4qQMLscNluEpaap,0,Male,Western (European),Several,Many,1,3,1,Male,98137,SpiderAM,q3,9.706257431388142,0.0573595711236467,80,A
192,98137_172_spider,R_352CHoQuTIcxeX7,0,Male,Western (European),A few,Several,1,4,4,Male,98137,SpiderAM,q3,9.706257431388142,0.0573595711236467,80,A
193,98137_172_spider,R_6IYHUEepiTMixB8,0,Male,Middle-eastern,Many,Many,1,2,5,Male,98137,SpiderAM,q3,9.706257431388142,0.0573595711236467,80,A
194,98137_172_spider,R_2gMZWe45lUBEG4G,1,Female,Western (European),I did not recognise any,Several,1,5,4,Male,98137,SpiderAM,q3,9.706257431388142,0.0573595711236467,80,A
195,53428_104_allornothing,R_4D60W3B6wX1h9Xx,0,Male,Western (European),A few,A few,1,2,1,Male,53428,AllOrNothingAM,q4,13.17073660590812,0.0798555825647147,30,A
196,53428_104_allornothing,R_4qQMLscNluEpaap,0,Male,Western (European),Several,Many,1,2,1,Male,53428,AllOrNothingAM,q4,13.17073660590812,0.0798555825647147,30,A
197,53428_104_allornothing,R_352CHoQuTIcxeX7,0,Male,Western (European),A few,Several,1,3,2,Male,53428,AllOrNothingAM,q4,13.17073660590812,0.0798555825647147,30,A
198,53428_104_allornothing,R_6IYHUEepiTMixB8,0,Male,Middle-eastern,Many,Many,1,1,5,Male,53428,AllOrNothingAM,q4,13.17073660590812,0.0798555825647147,30,A
199,53428_104_allornothing,R_2gMZWe45lUBEG4G,1,Female,Western (European),I did not recognise any,Several,1,2,3,Male,53428,AllOrNothingAM,q4,13.17073660590812,0.0798555825647147,30,A
200,63547_134_click,R_4D60W3B6wX1h9Xx,0,Male,Western (European),A few,A few,1,3,3,Male,63547,ClickHM,q4,13.230906964963031,0.0789812935086295,379,H
201,63547_134_click,R_4qQMLscNluEpaap,0,Male,Western (European),Several,Many,1,3,1,Male,63547,ClickHM,q4,13.230906964963031,0.0789812935086295,379,H
202,63547_134_click,R_352CHoQuTIcxeX7,0,Male,Western (European),A few,Several,1,4,4,Male,63547,ClickHM,q4,13.230906964963031,0.0789812935086295,379,H
203,63547_134_click,R_6IYHUEepiTMixB8,0,Male,Middle-eastern,Many,Many,1,1,3,Male,63547,ClickHM,q4,13.230906964963031,0.0789812935086295,379,H
204,63547_134_click,R_2gMZWe45lUBEG4G,1,Female,Western (European),I did not recognise any,Several,1,3,2,Male,63547,ClickHM,q4,13.230906964963031,0.0789812935086295,379,H
205,163793_407_allornothing,R_4D60W3B6wX1h9Xx,0,Male,Western (European),A few,A few,1,4,2,Female,163793,AllOrNothingAM,q4,13.00169878780907,0.0794709293971642,192,A
206,163793_407_allornothing,R_4qQMLscNluEpaap,0,Male,Western (European),Several,Many,1,7,1,Female,163793,AllOrNothingAM,q4,13.00169878780907,0.0794709293971642,192,A
207,163793_407_allornothing,R_352CHoQuTIcxeX7,0,Male,Western (European),A few,Several,1,5,2,Female,163793,AllOrNothingAM,q4,13.00169878780907,0.0794709293971642,192,A
208,163793_407_allornothing,R_6IYHUEepiTMixB8,0,Male,Middle-eastern,Many,Many,1,2,1,Female,163793,AllOrNothingAM,q4,13.00169878780907,0.0794709293971642,192,A
209,163793_407_allornothing,R_2gMZWe45lUBEG4G,1,Female,Western (European),I did not recognise any,Several,1,7,2,Female,163793,AllOrNothingAM,q4,13.00169878780907,0.0794709293971642,192,A
210,12165_10_bright,R_4D60W3B6wX1h9Xx,0,Male,Western (European),A few,A few,1,2,1,Female,12165,BrightStarAM,q1,5.517038587806241,0.0300165478864869,4,A
211,12165_10_bright,R_4qQMLscNluEpaap,0,Male,Western (European),Several,Many,1,2,1,Female,12165,BrightStarAM,q1,5.517038587806241,0.0300165478864869,4,A
212,12165_10_bright,R_352CHoQuTIcxeX7,0,Male,Western (European),A few,Several,1,3,2,Female,12165,BrightStarAM,q1,5.517038587806241,0.0300165478864869,4,A
213,12165_10_bright,R_6IYHUEepiTMixB8,0,Male,Middle-eastern,Many,Many,1,1,1,Female,12165,BrightStarAM,q1,5.517038587806241,0.0300165478864869,4,A
214,12165_10_bright,R_2gMZWe45lUBEG4G,1,Female,Western (European),I did not recognise any,Several,1,3,3,Female,12165,BrightStarAM,q1,5.517038587806241,0.0300165478864869,4,A
215,55737_90_spider,R_4D60W3B6wX1h9Xx,0,Male,Western (European),A few,A few,1,4,2,Male,55737,SpiderAM,q4,11.083152311655512,0.0668886439724693,42,A
216,55737_90_spider,R_4qQMLscNluEpaap,0,Male,Western (European),Several,Many,1,7,2,Male,55737,SpiderAM,q4,11.083152311655512,0.0668886439724693,42,A
217,55737_90_spider,R_352CHoQuTIcxeX7,0,Male,Western (European),A few,Several,1,2,1,Male,55737,SpiderAM,q4,11.083152311655512,0.0668886439724693,42,A
218,55737_90_spider,R_6IYHUEepiTMixB8,0,Male,Middle-eastern,Many,Many,1,2,2,Male,55737,SpiderAM,q4,11.083152311655512,0.0668886439724693,42,A
219,55737_90_spider,R_2gMZWe45lUBEG4G,1,Female,Western (European),I did not recognise any,Several,1,6,4,Male,55737,SpiderAM,q4,11.083152311655512,0.0668886439724693,42,A
220,82541_225_newyork,R_4D60W3B6wX1h9Xx,0,Male,Western (European),A few,A few,1,2,2,Male,82541,SynecdocheAM,q2,7.410257220065303,0.042007033701091,83,A
221,82541_225_newyork,R_4qQMLscNluEpaap,0,Male,Western (European),Several,Many,1,2,2,Male,82541,SynecdocheAM,q2,7.410257220065303,0.042007033701091,83,A
222,82541_225_newyork,R_352CHoQuTIcxeX7,0,Male,Western (European),A few,Several,1,2,1,Male,82541,SynecdocheAM,q2,7.410257220065303,0.042007033701091,83,A
223,82541_225_newyork,R_6IYHUEepiTMixB8,0,Male,Middle-eastern,Many,Many,1,5,3,Male,82541,SynecdocheAM,q2,7.410257220065303,0.042007033701091,83,A
224,82541_225_newyork,R_2gMZWe45lUBEG4G,1,Female,Western (European),I did not recognise any,Several,1,4,4,Male,82541,SynecdocheAM,q2,7.410257220065303,0.042007033701091,83,A
225,170612_290_dark_batman,R_4D60W3B6wX1h9Xx,0,Male,Western (European),A few,A few,1,1,1,Male,170612,TheDarkKnightHM,q2,7.52532699228711,0.0435152269454861,98,H
226,170612_290_dark_batman,R_4qQMLscNluEpaap,0,Male,Western (European),Several,Many,1,3,2,Male,170612,TheDarkKnightHM,q2,7.52532699228711,0.0435152269454861,98,H
227,170612_290_dark_batman,R_352CHoQuTIcxeX7,0,Male,Western (European),A few,Several,1,5,4,Male,170612,TheDarkKnightHM,q2,7.52532699228711,0.0435152269454861,98,H
228,170612_290_dark_batman,R_6IYHUEepiTMixB8,0,Male,Middle-eastern,Many,Many,1,2,6,Male,170612,TheDarkKnightHM,q2,7.52532699228711,0.0435152269454861,98,H
229,170612_290_dark_batman,R_2gMZWe45lUBEG4G,1,Female,Western (European),I did not recognise any,Several,1,2,2,Male,170612,TheDarkKnightHM,q2,7.52532699228711,0.0435152269454861,98,H
230,70689_148_monster,R_4D60W3B6wX1h9Xx,0,Male,Western (European),A few,A few,1,4,3,Female,70689,MonsterInLawHM,q1,4.484557572926028,0.0251761608881876,94,H
231,70689_148_monster,R_4qQMLscNluEpaap,0,Male,Western (European),Several,Many,1,7,7,Female,70689,MonsterInLawHM,q1,4.484557572926028,0.0251761608881876,94,H
232,70689_148_monster,R_352CHoQuTIcxeX7,0,Male,Western (European),A few,Several,1,6,4,Female,70689,MonsterInLawHM,q1,4.484557572926028,0.0251761608881876,94,H
233,70689_148_monster,R_6IYHUEepiTMixB8,0,Male,Middle-eastern,Many,Many,1,3,7,Female,70689,MonsterInLawHM,q1,4.484557572926028,0.0251761608881876,94,H
234,70689_148_monster,R_2gMZWe45lUBEG4G,1,Female,Western (European),I did not recognise any,Several,1,5,6,Female,70689,MonsterInLawHM,q1,4.484557572926028,0.0251761608881876,94,H
235,91281_140_clean,R_4D60W3B6wX1h9Xx,0,Male,Western (European),A few,A few,1,1,1,Female,91281,CleanAM,q1,4.7585274579182535,0.0272123942892655,80,A
236,91281_140_clean,R_4qQMLscNluEpaap,0,Male,Western (European),Several,Many,1,2,2,Female,91281,CleanAM,q1,4.7585274579182535,0.0272123942892655,80,A
237,91281_140_clean,R_352CHoQuTIcxeX7,0,Male,Western (European),A few,Several,1,3,2,Female,91281,CleanAM,q1,4.7585274579182535,0.0272123942892655,80,A
238,91281_140_clean,R_6IYHUEepiTMixB8,0,Male,Middle-eastern,Many,Many,1,5,1,Female,91281,CleanAM,q1,4.7585274579182535,0.0272123942892655,80,A
239,91281_140_clean,R_2gMZWe45lUBEG4G,1,Female,Western (European),I did not recognise any,Several,1,4,4,Female,91281,CleanAM,q1,4.7585274579182535,0.0272123942892655,80,A
240,141563_333_allornothing,R_4D60W3B6wX1h9Xx,0,Male,Western (European),A few,A few,1,2,2,Female,141563,AllOrNothingAM,q4,13.799329575191392,0.0833031897761992,147,A
241,141563_333_allornothing,R_4qQMLscNluEpaap,0,Male,Western (European),Several,Many,1,4,1,Male,141563,AllOrNothingAM,q4,13.799329575191392,0.0833031897761992,147,A
242,141563_333_allornothing,R_352CHoQuTIcxeX7,0,Male,Western (European),A few,Several,1,3,2,Male,141563,AllOrNothingAM,q4,13.799329575191392,0.0833031897761992,147,A
243,141563_333_allornothing,R_6IYHUEepiTMixB8,0,Male,Middle-eastern,Many,Many,1,2,2,Male,141563,AllOrNothingAM,q4,13.799329575191392,0.0833031897761992,147,A
244,141563_333_allornothing,R_2gMZWe45lUBEG4G,1,Female,Western (European),I did not recognise any,Several,1,3,3,Male,141563,AllOrNothingAM,q4,13.799329575191392,0.0833031897761992,147,A
245,125177_138_fast,R_4D60W3B6wX1h9Xx,0,Male,Western (European),A few,A few,1,2,1,Male,125177,FastAndFuriousHM,q3,8.990302540869605,0.052827069955556,231,H
246,125177_138_fast,R_4qQMLscNluEpaap,0,Male,Western (European),Several,Many,1,4,1,Male,125177,FastAndFuriousHM,q3,8.990302540869605,0.052827069955556,231,H
247,125177_138_fast,R_352CHoQuTIcxeX7,0,Male,Western (European),A few,Several,1,5,3,Male,125177,FastAndFuriousHM,q3,8.990302540869605,0.052827069955556,231,H
248,125177_138_fast,R_6IYHUEepiTMixB8,0,Male,Middle-eastern,Many,Many,1,2,5,Male,125177,FastAndFuriousHM,q3,8.990302540869605,0.052827069955556,231,H
249,125177_138_fast,R_2gMZWe45lUBEG4G,1,Female,Western (European),I did not recognise any,Several,1,6,2,Male,125177,FastAndFuriousHM,q3,8.990302540869605,0.052827069955556,231,H
250,18140_43_pirates,R_4D60W3B6wX1h9Xx,0,Male,Western (European),A few,A few,1,2,3,Male,18140,PiratesOfCaribbeanHM,q2,9.311877153289004,0.0585441896351567,295,H
251,18140_43_pirates,R_4qQMLscNluEpaap,0,Male,Western (European),Several,Many,1,4,4,Male,18140,PiratesOfCaribbeanHM,q2,9.311877153289004,0.0585441896351567,295,H
252,18140_43_pirates,R_352CHoQuTIcxeX7,0,Male,Western (European),A few,Several,1,5,4,Male,18140,PiratesOfCaribbeanHM,q2,9.311877153289004,0.0585441896351567,295,H
253,18140_43_pirates,R_6IYHUEepiTMixB8,0,Male,Middle-eastern,Many,Many,1,2,5,Male,18140,PiratesOfCaribbeanHM,q2,9.311877153289004,0.0585441896351567,295,H
254,18140_43_pirates,R_2gMZWe45lUBEG4G,1,Female,Western (European),I did not recognise any,Several,1,6,6,Male,18140,PiratesOfCaribbeanHM,q2,9.311877153289004,0.0585441896351567,295,H
255,200337_281_pirates,R_4D60W3B6wX1h9Xx,0,Male,Western (European),A few,A few,1,1,1,Female,200337,PiratesOfCaribbeanHM,q1,4.128490945111063,0.0226196648029474,365,H
256,200337_281_pirates,R_4qQMLscNluEpaap,0,Male,Western (European),Several,Many,1,3,1,Female,200337,PiratesOfCaribbeanHM,q1,4.128490945111063,0.0226196648029474,365,H
257,200337_281_pirates,R_352CHoQuTIcxeX7,0,Male,Western (European),A few,Several,1,5,3,Female,200337,PiratesOfCaribbeanHM,q1,4.128490945111063,0.0226196648029474,365,H
258,200337_281_pirates,R_6IYHUEepiTMixB8,0,Male,Middle-eastern,Many,Many,1,4,5,Female,200337,PiratesOfCaribbeanHM,q1,4.128490945111063,0.0226196648029474,365,H
259,200337_281_pirates,R_2gMZWe45lUBEG4G,1,Female,Western (European),I did not recognise any,Several,1,6,5,Female,200337,PiratesOfCaribbeanHM,q1,4.128490945111063,0.0226196648029474,365,H
260,113449_169_pirates,R_4HtCFSDVAzW5ejn,0,Male,Western (European),Several,Many,2,5,5,Male,113449,PiratesOfCaribbeanHM,q1,7.464856412673527,0.0433421213049506,287,H
261,113449_169_pirates,R_5VjjzIo6khkc9DH,1,Male,Latin American,A few,A few,2,4,3,Male,113449,PiratesOfCaribbeanHM,q1,7.464856412673527,0.0433421213049506,287,H
262,113449_169_pirates,R_1ReKPLruMmFh1Lu,0,Female,Western (European),A few,A few,2,6,7,Male,113449,PiratesOfCaribbeanHM,q1,7.464856412673527,0.0433421213049506,287,H
263,113449_169_pirates,R_20PijJ2oTfL8crT,1,Male,Western (European),All of them,All of them,2,7,7,Male,113449,PiratesOfCaribbeanHM,q1,7.464856412673527,0.0433421213049506,287,H
264,113449_169_pirates,R_5NFgayfrWK0cA49,1,Male,Prefer not to say,Several,Many,2,5,5,Male,113449,PiratesOfCaribbeanHM,q1,7.464856412673527,0.0433421213049506,287,H
265,97110_145_clean,R_4HtCFSDVAzW5ejn,0,Male,Western (European),Several,Many,2,2,2,Female,97110,CleanAM,q2,6.676301839122567,0.0387642072092706,83,A
266,97110_145_clean,R_5VjjzIo6khkc9DH,1,Male,Latin American,A few,A few,2,1,2,Female,97110,CleanAM,q2,6.676301839122567,0.0387642072092706,83,A
267,97110_145_clean,R_1ReKPLruMmFh1Lu,0,Female,Western (European),A few,A few,2,2,3,Female,97110,CleanAM,q2,6.676301839122567,0.0387642072092706,83,A
268,97110_145_clean,R_20PijJ2oTfL8crT,1,Male,Western (European),All of them,All of them,2,2,2,Female,97110,CleanAM,q2,6.676301839122567,0.0387642072092706,83,A
269,97110_145_clean,R_5NFgayfrWK0cA49,1,Male,Prefer not to say,Several,Many,2,2,1,Male,97110,CleanAM,q2,6.676301839122567,0.0387642072092706,83,A
270,53193_110_click,R_4HtCFSDVAzW5ejn,0,Male,Western (European),Several,Many,2,2,3,Female,53193,ClickHM,q2,6.533305041594708,0.0368210972247718,514,H
271,53193_110_click,R_5VjjzIo6khkc9DH,1,Male,Latin American,A few,A few,2,2,3,Female,53193,ClickHM,q2,6.533305041594708,0.0368210972247718,514,H
272,53193_110_click,R_1ReKPLruMmFh1Lu,0,Female,Western (European),A few,A few,2,4,6,Female,53193,ClickHM,q2,6.533305041594708,0.0368210972247718,514,H
273,53193_110_click,R_20PijJ2oTfL8crT,1,Male,Western (European),All of them,All of them,2,4,5,Female,53193,ClickHM,q2,6.533305041594708,0.0368210972247718,514,H
274,53193_110_click,R_5NFgayfrWK0cA49,1,Male,Prefer not to say,Several,Many,2,3,2,Female,53193,ClickHM,q2,6.533305041594708,0.0368210972247718,514,H
275,94225_198_monster,R_4HtCFSDVAzW5ejn,0,Male,Western (European),Several,Many,2,3,3,Female,94225,MonsterInLawHM,q2,6.644755572558146,0.0384966328954182,109,H
276,94225_198_monster,R_5VjjzIo6khkc9DH,1,Male,Latin American,A few,A few,2,3,2,Female,94225,MonsterInLawHM,q2,6.644755572558146,0.0384966328954182,109,H
277,94225_198_monster,R_1ReKPLruMmFh1Lu,0,Female,Western (European),A few,A few,2,4,4,Female,94225,MonsterInLawHM,q2,6.644755572558146,0.0384966328954182,109,H
278,94225_198_monster,R_20PijJ2oTfL8crT,1,Male,Western (European),All of them,All of them,2,4,5,Female,94225,MonsterInLawHM,q2,6.644755572558146,0.0384966328954182,109,H
279,94225_198_monster,R_5NFgayfrWK0cA49,1,Male,Prefer not to say,Several,Many,2,6,2,Female,94225,MonsterInLawHM,q2,6.644755572558146,0.0384966328954182,109,H
280,72448_159_click,R_4HtCFSDVAzW5ejn,0,Male,Western (European),Several,Many,2,2,3,Male,72448,ClickHM,q2,6.280365676349306,0.0356051374307734,474,H
281,72448_159_click,R_5VjjzIo6khkc9DH,1,Male,Latin American,A few,A few,2,2,3,Male,72448,ClickHM,q2,6.280365676349306,0.0356051374307734,474,H
282,72448_159_click,R_1ReKPLruMmFh1Lu,0,Female,Western (European),A few,A few,2,3,4,Male,72448,ClickHM,q2,6.280365676349306,0.0356051374307734,474,H
283,72448_159_click,R_20PijJ2oTfL8crT,1,Male,Western (European),All of them,All of them,2,5,5,Male,72448,ClickHM,q2,6.280365676349306,0.0356051374307734,474,H
284,72448_159_click,R_5NFgayfrWK0cA49,1,Male,Prefer not to say,Several,Many,2,2,2,Male,72448,ClickHM,q2,6.280365676349306,0.0356051374307734,474,H
285,189185_256_pirates,R_4HtCFSDVAzW5ejn,0,Male,Western (European),Several,Many,2,5,2,Female,189185,PiratesOfCaribbeanHM,q1,4.963029173945989,0.0274905267185969,336,H
286,189185_256_pirates,R_5VjjzIo6khkc9DH,1,Male,Latin American,A few,A few,2,3,1,Female,189185,PiratesOfCaribbeanHM,q1,4.963029173945989,0.0274905267185969,336,H
287,189185_256_pirates,R_1ReKPLruMmFh1Lu,0,Female,Western (European),A few,A few,2,4,5,Female,189185,PiratesOfCaribbeanHM,q1,4.963029173945989,0.0274905267185969,336,H
288,189185_256_pirates,R_20PijJ2oTfL8crT,1,Male,Western (European),All of them,All of them,2,4,3,Female,189185,PiratesOfCaribbeanHM,q1,4.963029173945989,0.0274905267185969,336,H
289,189185_256_pirates,R_5NFgayfrWK0cA49,1,Male,Prefer not to say,Several,Many,2,3,2,Female,189185,PiratesOfCaribbeanHM,q1,4.963029173945989,0.0274905267185969,336,H
290,148868_261_dark_batman,R_4HtCFSDVAzW5ejn,0,Male,Western (European),Several,Many,2,4,1,Male,148868,TheDarkKnightHM,q1,2.1965307767150866,0.0122019747395243,87,H
291,148868_261_dark_batman,R_5VjjzIo6khkc9DH,1,Male,Latin American,A few,A few,2,4,1,Male,148868,TheDarkKnightHM,q1,2.1965307767150866,0.0122019747395243,87,H
292,148868_261_dark_batman,R_1ReKPLruMmFh1Lu,0,Female,Western (European),A few,A few,2,1,1,Male,148868,TheDarkKnightHM,q1,2.1965307767150866,0.0122019747395243,87,H
293,148868_261_dark_batman,R_20PijJ2oTfL8crT,1,Male,Western (European),All of them,All of them,2,5,3,Male,148868,TheDarkKnightHM,q1,2.1965307767150866,0.0122019747395243,87,H
294,148868_261_dark_batman,R_5NFgayfrWK0cA49,1,Male,Prefer not to say,Several,Many,2,5,1,Male,148868,TheDarkKnightHM,q1,2.1965307767150866,0.0122019747395243,87,H
295,79257_178_click,R_4HtCFSDVAzW5ejn,0,Male,Western (European),Several,Many,2,5,7,Male,79257,ClickHM,q2,7.69991811878593,0.0440067635277737,547,H
296,79257_178_click,R_5VjjzIo6khkc9DH,1,Male,Latin American,A few,A few,2,4,3,Male,79257,ClickHM,q2,7.69991811878593,0.0440067635277737,547,H
297,79257_178_click,R_1ReKPLruMmFh1Lu,0,Female,Western (European),A few,A few,2,5,6,Male,79257,ClickHM,q2,7.69991811878593,0.0440067635277737,547,H
298,79257_178_click,R_20PijJ2oTfL8crT,1,Male,Western (European),All of them,All of them,2,6,6,Male,79257,ClickHM,q2,7.69991811878593,0.0440067635277737,547,H
299,79257_178_click,R_5NFgayfrWK0cA49,1,Male,Prefer not to say,Several,Many,2,4,6,Male,79257,ClickHM,q2,7.69991811878593,0.0440067635277737,547,H
300,4625_2_monster,R_4HtCFSDVAzW5ejn,0,Male,Western (European),Several,Many,2,3,4,Female,4625,MonsterInLawHM,q2,6.50438195805091,0.0377191063709176,2,H
301,4625_2_monster,R_5VjjzIo6khkc9DH,1,Male,Latin American,A few,A few,2,3,4,Female,4625,MonsterInLawHM,q2,6.50438195805091,0.0377191063709176,2,H
302,4625_2_monster,R_1ReKPLruMmFh1Lu,0,Female,Western (European),A few,A few,2,3,4,Female,4625,MonsterInLawHM,q2,6.50438195805091,0.0377191063709176,2,H
303,4625_2_monster,R_20PijJ2oTfL8crT,1,Male,Western (European),All of them,All of them,2,4,6,Female,4625,MonsterInLawHM,q2,6.50438195805091,0.0377191063709176,2,H
304,4625_2_monster,R_5NFgayfrWK0cA49,1,Male,Prefer not to say,Several,Many,2,4,3,Female,4625,MonsterInLawHM,q2,6.50438195805091,0.0377191063709176,2,H
305,188241_254_pirates,R_4HtCFSDVAzW5ejn,0,Male,Western (European),Several,Many,2,3,1,Male,188241,PiratesOfCaribbeanHM,q4,15.157951436100008,0.0938477896558709,332,H
306,188241_254_pirates,R_5VjjzIo6khkc9DH,1,Male,Latin American,A few,A few,2,1,2,Male,188241,PiratesOfCaribbeanHM,q4,15.157951436100008,0.0938477896558709,332,H
307,188241_254_pirates,R_1ReKPLruMmFh1Lu,0,Female,Western (European),A few,A few,2,5,5,Male,188241,PiratesOfCaribbeanHM,q4,15.157951436100008,0.0938477896558709,332,H
308,188241_254_pirates,R_20PijJ2oTfL8crT,1,Male,Western (European),All of them,All of them,2,4,3,Male,188241,PiratesOfCaribbeanHM,q4,15.157951436100008,0.0938477896558709,332,H
309,188241_254_pirates,R_5NFgayfrWK0cA49,1,Male,Prefer not to say,Several,Many,2,6,1,Male,188241,PiratesOfCaribbeanHM,q4,15.157951436100008,0.0938477896558709,332,H
310,6098_5_monster,R_4HtCFSDVAzW5ejn,0,Male,Western (European),Several,Many,2,3,5,Female,6098,MonsterInLawHM,q2,5.480825398088652,0.0307357574025278,3,H
311,6098_5_monster,R_5VjjzIo6khkc9DH,1,Male,Latin American,A few,A few,2,3,2,Female,6098,MonsterInLawHM,q2,5.480825398088652,0.0307357574025278,3,H
312,6098_5_monster,R_1ReKPLruMmFh1Lu,0,Female,Western (European),A few,A few,2,3,2,Female,6098,MonsterInLawHM,q2,5.480825398088652,0.0307357574025278,3,H
313,6098_5_monster,R_20PijJ2oTfL8crT,1,Male,Western (European),All of them,All of them,2,4,5,Female,6098,MonsterInLawHM,q2,5.480825398088652,0.0307357574025278,3,H
314,6098_5_monster,R_5NFgayfrWK0cA49,1,Male,Prefer not to say,Several,Many,2,3,4,Female,6098,MonsterInLawHM,q2,5.480825398088652,0.0307357574025278,3,H
315,46539_137_copy,R_4HtCFSDVAzW5ejn,0,Male,Western (European),Several,Many,2,2,1,Female,46539,CertifiedCopyAM,q1,5.664686920979777,0.032039369951402,61,A
316,46539_137_copy,R_5VjjzIo6khkc9DH,1,Male,Latin American,A few,A few,2,1,2,Female,46539,CertifiedCopyAM,q1,5.664686920979777,0.032039369951402,61,A
317,46539_137_copy,R_1ReKPLruMmFh1Lu,0,Female,Western (European),A few,A few,2,1,1,Female,46539,CertifiedCopyAM,q1,5.664686920979777,0.032039369951402,61,A
318,46539_137_copy,R_20PijJ2oTfL8crT,1,Male,Western (European),All of them,All of them,2,6,4,Female,46539,CertifiedCopyAM,q1,5.664686920979777,0.032039369951402,61,A
319,46539_137_copy,R_5NFgayfrWK0cA49,1,Male,Prefer not to say,Several,Many,2,4,1,Female,46539,CertifiedCopyAM,q1,5.664686920979777,0.032039369951402,61,A
320,199225_329_dark_batman,R_4HtCFSDVAzW5ejn,0,Male,Western (European),Several,Many,2,3,1,Male,199225,TheDarkKnightHM,q4,16.720696606656418,0.1001965094210001,116,H
321,199225_329_dark_batman,R_5VjjzIo6khkc9DH,1,Male,Latin American,A few,A few,2,2,2,Male,199225,TheDarkKnightHM,q4,16.720696606656418,0.1001965094210001,116,H
322,199225_329_dark_batman,R_1ReKPLruMmFh1Lu,0,Female,Western (European),A few,A few,2,3,4,Male,199225,TheDarkKnightHM,q4,16.720696606656418,0.1001965094210001,116,H
323,199225_329_dark_batman,R_20PijJ2oTfL8crT,1,Male,Western (European),All of them,All of them,2,4,3,Male,199225,TheDarkKnightHM,q4,16.720696606656418,0.1001965094210001,116,H
324,199225_329_dark_batman,R_5NFgayfrWK0cA49,1,Male,Prefer not to say,Several,Many,2,6,1,Male,199225,TheDarkKnightHM,q4,16.720696606656418,0.1001965094210001,116,H
325,71325_104_clean,R_4HtCFSDVAzW5ejn,0,Male,Western (European),Several,Many,2,2,1,Male,71325,CleanAM,q1,5.179274851733222,0.0291463112517821,58,A
326,71325_104_clean,R_5VjjzIo6khkc9DH,1,Male,Latin American,A few,A few,2,2,2,Male,71325,CleanAM,q1,5.179274851733222,0.0291463112517821,58,A
327,71325_104_clean,R_1ReKPLruMmFh1Lu,0,Female,Western (European),A few,A few,2,2,3,Male,71325,CleanAM,q1,5.179274851733222,0.0291463112517821,58,A
328,71325_104_clean,R_20PijJ2oTfL8crT,1,Male,Western (European),All of them,All of them,2,5,5,Male,71325,CleanAM,q1,5.179274851733222,0.0291463112517821,58,A
329,71325_104_clean,R_5NFgayfrWK0cA49,1,Male,Prefer not to say,Several,Many,2,4,3,Male,71325,CleanAM,q1,5.179274851733222,0.0291463112517821,58,A
330,52457_69_clean,R_4HtCFSDVAzW5ejn,0,Male,Western (European),Several,Many,2,2,1,Female,52457,CleanAM,q2,7.754883458070759,0.045723944190958,37,A
331,52457_69_clean,R_5VjjzIo6khkc9DH,1,Male,Latin American,A few,A few,2,1,1,Female,52457,CleanAM,q2,7.754883458070759,0.045723944190958,37,A
332,52457_69_clean,R_1ReKPLruMmFh1Lu,0,Female,Western (European),A few,A few,2,1,1,Female,52457,CleanAM,q2,7.754883458070759,0.045723944190958,37,A
333,52457_69_clean,R_20PijJ2oTfL8crT,1,Male,Western (European),All of them,All of them,2,3,2,Female,52457,CleanAM,q2,7.754883458070759,0.045723944190958,37,A
334,52457_69_clean,R_5NFgayfrWK0cA49,1,Male,Prefer not to say,Several,Many,2,1,1,Female,52457,CleanAM,q2,7.754883458070759,0.045723944190958,37,A
335,74609_64_kvant,R_4HtCFSDVAzW5ejn,0,Male,Western (European),Several,Many,2,1,2,Male,74609,QuantumOfSolaceHM,q1,5.408544233740086,0.0299935957219563,35,H
336,74609_64_kvant,R_5VjjzIo6khkc9DH,1,Male,Latin American,A few,A few,2,1,1,Male,74609,QuantumOfSolaceHM,q1,5.408544233740086,0.0299935957219563,35,H
337,74609_64_kvant,R_1ReKPLruMmFh1Lu,0,Female,Western (European),A few,A few,2,3,4,Male,74609,QuantumOfSolaceHM,q1,5.408544233740086,0.0299935957219563,35,H
338,74609_64_kvant,R_20PijJ2oTfL8crT,1,Male,Western (European),All of them,All of them,2,6,5,Male,74609,QuantumOfSolaceHM,q1,5.408544233740086,0.0299935957219563,35,H
339,74609_64_kvant,R_5NFgayfrWK0cA49,1,Male,Prefer not to say,Several,Many,2,3,3,Male,74609,QuantumOfSolaceHM,q1,5.408544233740086,0.0299935957219563,35,H
340,107773_236_click,R_4HtCFSDVAzW5ejn,0,Male,Western (European),Several,Many,2,1,2,Female,107773,ClickHM,q1,2.8796448503255743,0.0156070047885833,413,H
341,107773_236_click,R_5VjjzIo6khkc9DH,1,Male,Latin American,A few,A few,2,2,1,Female,107773,ClickHM,q1,2.8796448503255743,0.0156070047885833,413,H
342,107773_236_click,R_1ReKPLruMmFh1Lu,0,Female,Western (European),A few,A few,2,5,6,Female,107773,ClickHM,q1,2.8796448503255743,0.0156070047885833,413,H
343,107773_236_click,R_20PijJ2oTfL8crT,1,Male,Western (European),All of them,All of them,2,4,5,Female,107773,ClickHM,q1,2.8796448503255743,0.0156070047885833,413,H
344,107773_236_click,R_5NFgayfrWK0cA49,1,Male,Prefer not to say,Several,Many,2,4,3,Female,107773,ClickHM,q1,2.8796448503255743,0.0156070047885833,413,H
345,135841_232_bright,R_4HtCFSDVAzW5ejn,0,Male,Western (European),Several,Many,2,2,1,Female,135841,BrightStarAM,q2,7.208993979103292,0.0424498713771222,95,A
346,135841_232_bright,R_5VjjzIo6khkc9DH,1,Male,Latin American,A few,A few,2,2,2,Female,135841,BrightStarAM,q2,7.208993979103292,0.0424498713771222,95,A
347,135841_232_bright,R_1ReKPLruMmFh1Lu,0,Female,Western (European),A few,A few,2,4,5,Female,135841,BrightStarAM,q2,7.208993979103292,0.0424498713771222,95,A
348,135841_232_bright,R_20PijJ2oTfL8crT,1,Male,Western (European),All of them,All of them,2,4,2,Female,135841,BrightStarAM,q2,7.208993979103292,0.0424498713771222,95,A
349,135841_232_bright,R_5NFgayfrWK0cA49,1,Male,Prefer not to say,Several,Many,2,2,5,Female,135841,BrightStarAM,q2,7.208993979103292,0.0424498713771222,95,A
350,129873_213_clean,R_4HtCFSDVAzW5ejn,0,Male,Western (European),Several,Many,2,4,3,Female,129873,CleanAM,q2,8.302737192015641,0.0475489056172407,134,A
351,129873_213_clean,R_5VjjzIo6khkc9DH,1,Male,Latin American,A few,A few,2,1,2,Female,129873,CleanAM,q2,8.302737192015641,0.0475489056172407,134,A
352,129873_213_clean,R_1ReKPLruMmFh1Lu,0,Female,Western (European),A few,A few,2,4,6,Female,129873,CleanAM,q2,8.302737192015641,0.0475489056172407,134,A
353,129873_213_clean,R_20PijJ2oTfL8crT,1,Male,Western (European),All of them,All of them,2,5,3,Female,129873,CleanAM,q2,8.302737192015641,0.0475489056172407,134,A
354,129873_213_clean,R_5NFgayfrWK0cA49,1,Male,Prefer not to say,Several,Many,2,2,1,Female,129873,CleanAM,q2,8.302737192015641,0.0475489056172407,134,A
355,37009_35_fast,R_4HtCFSDVAzW5ejn,0,Male,Western (European),Several,Many,2,2,1,Male,37009,FastAndFuriousHM,q3,8.817460994449748,0.0508129707227586,186,H
356,37009_35_fast,R_5VjjzIo6khkc9DH,1,Male,Latin American,A few,A few,2,1,1,Male,37009,FastAndFuriousHM,q3,8.817460994449748,0.0508129707227586,186,H
357,37009_35_fast,R_1ReKPLruMmFh1Lu,0,Female,Western (European),A few,A few,2,2,3,Male,37009,FastAndFuriousHM,q3,8.817460994449748,0.0508129707227586,186,H
358,37009_35_fast,R_20PijJ2oTfL8crT,1,Male,Western (European),All of them,All of them,2,6,4,Male,37009,FastAndFuriousHM,q3,8.817460994449748,0.0508129707227586,186,H
359,37009_35_fast,R_5NFgayfrWK0cA49,1,Male,Prefer not to say,Several,Many,2,2,1,Male,37009,FastAndFuriousHM,q3,8.817460994449748,0.0508129707227586,186,H
360,11097_19_pirates,R_4HtCFSDVAzW5ejn,0,Male,Western (European),Several,Many,2,5,5,Male,11097,PiratesOfCaribbeanHM,q2,8.211091725408991,0.0480280760056485,303,H
361,11097_19_pirates,R_5VjjzIo6khkc9DH,1,Male,Latin American,A few,A few,2,2,3,Male,11097,PiratesOfCaribbeanHM,q2,8.211091725408991,0.0480280760056485,303,H
362,11097_19_pirates,R_1ReKPLruMmFh1Lu,0,Female,Western (European),A few,A few,2,5,6,Male,11097,PiratesOfCaribbeanHM,q2,8.211091725408991,0.0480280760056485,303,H
363,11097_19_pirates,R_20PijJ2oTfL8crT,1,Male,Western (European),All of them,All of them,2,6,7,Male,11097,PiratesOfCaribbeanHM,q2,8.211091725408991,0.0480280760056485,303,H
364,11097_19_pirates,R_5NFgayfrWK0cA49,1,Male,Prefer not to say,Several,Many,2,3,4,Male,11097,PiratesOfCaribbeanHM,q2,8.211091725408991,0.0480280760056485,303,H
365,125604_140_fast,R_4HtCFSDVAzW5ejn,0,Male,Western (European),Several,Many,2,3,2,Male,125604,FastAndFuriousHM,q1,4.07719453338614,0.0221987464634916,233,H
366,125604_140_fast,R_5VjjzIo6khkc9DH,1,Male,Latin American,A few,A few,2,1,2,Male,125604,FastAndFuriousHM,q1,4.07719453338614,0.0221987464634916,233,H
367,125604_140_fast,R_1ReKPLruMmFh1Lu,0,Female,Western (European),A few,A few,2,5,5,Male,125604,FastAndFuriousHM,q1,4.07719453338614,0.0221987464634916,233,H
368,125604_140_fast,R_20PijJ2oTfL8crT,1,Male,Western (European),All of them,All of them,2,4,3,Male,125604,FastAndFuriousHM,q1,4.07719453338614,0.0221987464634916,233,H
369,125604_140_fast,R_5NFgayfrWK0cA49,1,Male,Prefer not to say,Several,Many,2,4,3,Male,125604,FastAndFuriousHM,q1,4.07719453338614,0.0221987464634916,233,H
370,95485_150_bright,R_4HtCFSDVAzW5ejn,0,Male,Western (European),Several,Many,2,3,1,Female,95485,BrightStarAM,q2,6.549618600457228,0.0372723046516893,60,A
371,95485_150_bright,R_5VjjzIo6khkc9DH,1,Male,Latin American,A few,A few,2,3,3,Female,95485,BrightStarAM,q2,6.549618600457228,0.0372723046516893,60,A
372,95485_150_bright,R_1ReKPLruMmFh1Lu,0,Female,Western (European),A few,A few,2,3,4,Female,95485,BrightStarAM,q2,6.549618600457228,0.0372723046516893,60,A
373,95485_150_bright,R_20PijJ2oTfL8crT,1,Male,Western (European),All of them,All of them,2,3,2,Female,95485,BrightStarAM,q2,6.549618600457228,0.0372723046516893,60,A
374,95485_150_bright,R_5NFgayfrWK0cA49,1,Male,Prefer not to say,Several,Many,2,3,1,Female,95485,BrightStarAM,q2,6.549618600457228,0.0372723046516893,60,A
375,18647_32_monster,R_4HtCFSDVAzW5ejn,0,Male,Western (European),Several,Many,2,2,2,Male,18647,MonsterInLawHM,q2,6.057307436246361,0.0334314266504899,16,H
376,18647_32_monster,R_5VjjzIo6khkc9DH,1,Male,Latin American,A few,A few,2,2,2,Male,18647,MonsterInLawHM,q2,6.057307436246361,0.0334314266504899,16,H
377,18647_32_monster,R_1ReKPLruMmFh1Lu,0,Female,Western (European),A few,A few,2,3,3,Male,18647,MonsterInLawHM,q2,6.057307436246361,0.0334314266504899,16,H
378,18647_32_monster,R_20PijJ2oTfL8crT,1,Male,Western (European),All of them,All of them,2,5,6,Male,18647,MonsterInLawHM,q2,6.057307436246361,0.0334314266504899,16,H
379,18647_32_monster,R_5NFgayfrWK0cA49,1,Male,Prefer not to say,Several,Many,2,4,2,Male,18647,MonsterInLawHM,q2,6.057307436246361,0.0334314266504899,16,H
380,66649_148_allornothing,R_4HtCFSDVAzW5ejn,0,Male,Western (European),Several,Many,2,7,1,Female,66649,AllOrNothingAM,q3,10.133203757650774,0.0583969186494069,47,A
381,66649_148_allornothing,R_5VjjzIo6khkc9DH,1,Male,Latin American,A few,A few,2,5,2,Female,66649,AllOrNothingAM,q3,10.133203757650774,0.0583969186494069,47,A
382,66649_148_allornothing,R_1ReKPLruMmFh1Lu,0,Female,Western (European),A few,A few,2,6,5,Female,66649,AllOrNothingAM,q3,10.133203757650774,0.0583969186494069,47,A
383,66649_148_allornothing,R_20PijJ2oTfL8crT,1,Male,Western (European),All of them,All of them,2,6,5,Female,66649,AllOrNothingAM,q3,10.133203757650774,0.0583969186494069,47,A
384,66649_148_allornothing,R_5NFgayfrWK0cA49,1,Male,Prefer not to say,Several,Many,2,7,3,Female,66649,AllOrNothingAM,q3,10.133203757650774,0.0583969186494069,47,A
385,65921_111_bright,R_4HtCFSDVAzW5ejn,0,Male,Western (European),Several,Many,2,2,1,Female,65921,BrightStarAM,q1,2.665178820185417,0.0140883356262398,50,A
386,65921_111_bright,R_5VjjzIo6khkc9DH,1,Male,Latin American,A few,A few,2,2,1,Female,65921,BrightStarAM,q1,2.665178820185417,0.0140883356262398,50,A
387,65921_111_bright,R_1ReKPLruMmFh1Lu,0,Female,Western (European),A few,A few,2,2,2,Female,65921,BrightStarAM,q1,2.665178820185417,0.0140883356262398,50,A
388,65921_111_bright,R_20PijJ2oTfL8crT,1,Male,Western (European),All of them,All of them,2,4,2,Female,65921,BrightStarAM,q1,2.665178820185417,0.0140883356262398,50,A
389,65921_111_bright,R_5NFgayfrWK0cA49,1,Male,Prefer not to say,Several,Many,2,1,1,Female,65921,BrightStarAM,q1,2.665178820185417,0.0140883356262398,50,A
390,67484_96_clean,R_4HtCFSDVAzW5ejn,0,Male,Western (European),Several,Many,2,2,1,Female,67484,CleanAM,q3,10.319816148131476,0.0656478780745503,50,A
391,67484_96_clean,R_5VjjzIo6khkc9DH,1,Male,Latin American,A few,A few,2,2,2,Female,67484,CleanAM,q3,10.319816148131476,0.0656478780745503,50,A
392,67484_96_clean,R_1ReKPLruMmFh1Lu,0,Female,Western (European),A few,A few,2,2,2,Female,67484,CleanAM,q3,10.319816148131476,0.0656478780745503,50,A
393,67484_96_clean,R_20PijJ2oTfL8crT,1,Male,Western (European),All of them,All of them,2,4,3,Female,67484,CleanAM,q3,10.319816148131476,0.0656478780745503,50,A
394,67484_96_clean,R_5NFgayfrWK0cA49,1,Male,Prefer not to say,Several,Many,2,3,2,Female,67484,CleanAM,q3,10.319816148131476,0.0656478780745503,50,A
395,147605_354_allornothing,R_4HtCFSDVAzW5ejn,0,Male,Western (European),Several,Many,2,5,1,Female,147605,AllOrNothingAM,q4,11.972061087183455,0.0768830968227196,158,A
396,147605_354_allornothing,R_5VjjzIo6khkc9DH,1,Male,Latin American,A few,A few,2,3,4,Female,147605,AllOrNothingAM,q4,11.972061087183455,0.0768830968227196,158,A
397,147605_354_allornothing,R_1ReKPLruMmFh1Lu,0,Female,Western (European),A few,A few,2,5,6,Female,147605,AllOrNothingAM,q4,11.972061087183455,0.0768830968227196,158,A
398,147605_354_allornothing,R_20PijJ2oTfL8crT,1,Male,Western (European),All of them,All of them,2,6,7,Female,147605,AllOrNothingAM,q4,11.972061087183455,0.0768830968227196,158,A
399,147605_354_allornothing,R_5NFgayfrWK0cA49,1,Male,Prefer not to say,Several,Many,2,4,3,Female,147605,AllOrNothingAM,q4,11.972061087183455,0.0768830968227196,158,A
400,99433_162_pirates,R_4HtCFSDVAzW5ejn,0,Male,Western (European),Several,Many,2,4,5,Male,99433,PiratesOfCaribbeanHM,q4,13.550342649189997,0.0833032998259947,355,H
401,99433_162_pirates,R_5VjjzIo6khkc9DH,1,Male,Latin American,A few,A few,2,5,2,Male,99433,PiratesOfCaribbeanHM,q4,13.550342649189997,0.0833032998259947,355,H
402,99433_162_pirates,R_1ReKPLruMmFh1Lu,0,Female,Western (European),A few,A few,2,4,5,Male,99433,PiratesOfCaribbeanHM,q4,13.550342649189997,0.0833032998259947,355,H
403,99433_162_pirates,R_20PijJ2oTfL8crT,1,Male,Western (European),All of them,All of them,2,6,5,Male,99433,PiratesOfCaribbeanHM,q4,13.550342649189997,0.0833032998259947,355,H
404,99433_162_pirates,R_5NFgayfrWK0cA49,1,Male,Prefer not to say,Several,Many,2,4,4,Male,99433,PiratesOfCaribbeanHM,q4,13.550342649189997,0.0833032998259947,355,H
405,52306_98_allornothing,R_4HtCFSDVAzW5ejn,0,Male,Western (European),Several,Many,2,5,2,Female,52306,AllOrNothingAM,q1,2.606174705018896,0.0140408857979171,26,A
406,52306_98_allornothing,R_5VjjzIo6khkc9DH,1,Male,Latin American,A few,A few,2,3,3,Female,52306,AllOrNothingAM,q1,2.606174705018896,0.0140408857979171,26,A
407,52306_98_allornothing,R_1ReKPLruMmFh1Lu,0,Female,Western (European),A few,A few,2,7,7,Female,52306,AllOrNothingAM,q1,2.606174705018896,0.0140408857979171,26,A
408,52306_98_allornothing,R_20PijJ2oTfL8crT,1,Male,Western (European),All of them,All of them,2,5,4,Female,52306,AllOrNothingAM,q1,2.606174705018896,0.0140408857979171,26,A
409,52306_98_allornothing,R_5NFgayfrWK0cA49,1,Male,Prefer not to say,Several,Many,2,5,2,Female,52306,AllOrNothingAM,q1,2.606174705018896,0.0140408857979171,26,A
410,40768_117_copy,R_4HtCFSDVAzW5ejn,0,Male,Western (European),Several,Many,2,3,1,Female,40768,CertifiedCopyAM,q2,8.272655384574255,0.0470853377188352,41,A
411,40768_117_copy,R_5VjjzIo6khkc9DH,1,Male,Latin American,A few,A few,2,2,1,Female,40768,CertifiedCopyAM,q2,8.272655384574255,0.0470853377188352,41,A
412,40768_117_copy,R_1ReKPLruMmFh1Lu,0,Female,Western (European),A few,A few,2,3,4,Female,40768,CertifiedCopyAM,q2,8.272655384574255,0.0470853377188352,41,A
413,40768_117_copy,R_20PijJ2oTfL8crT,1,Male,Western (European),All of them,All of them,2,4,4,Female,40768,CertifiedCopyAM,q2,8.272655384574255,0.0470853377188352,41,A
414,40768_117_copy,R_5NFgayfrWK0cA49,1,Male,Prefer not to say,Several,Many,2,3,2,Female,40768,CertifiedCopyAM,q2,8.272655384574255,0.0470853377188352,41,A
415,36363_34_fast,R_4HtCFSDVAzW5ejn,0,Male,Western (European),Several,Many,2,3,2,Female,36363,FastAndFuriousHM,q2,5.672136026412385,0.0326513589666369,178,H
416,36363_34_fast,R_5VjjzIo6khkc9DH,1,Male,Latin American,A few,A few,2,2,2,Female,36363,FastAndFuriousHM,q2,5.672136026412385,0.0326513589666369,178,H
417,36363_34_fast,R_1ReKPLruMmFh1Lu,0,Female,Western (European),A few,A few,2,4,4,Female,36363,FastAndFuriousHM,q2,5.672136026412385,0.0326513589666369,178,H
418,36363_34_fast,R_20PijJ2oTfL8crT,1,Male,Western (European),All of them,All of them,2,6,5,Female,36363,FastAndFuriousHM,q2,5.672136026412385,0.0326513589666369,178,H
419,36363_34_fast,R_5NFgayfrWK0cA49,1,Male,Prefer not to say,Several,Many,2,3,1,Female,36363,FastAndFuriousHM,q2,5.672136026412385,0.0326513589666369,178,H
420,75811_123_pirates,R_4HtCFSDVAzW5ejn,0,Male,Western (European),Several,Many,2,5,1,Male,75811,PiratesOfCaribbeanHM,q3,9.45741866699246,0.0548605208904227,377,H
421,75811_123_pirates,R_5VjjzIo6khkc9DH,1,Male,Latin American,A few,A few,2,4,2,Male,75811,PiratesOfCaribbeanHM,q3,9.45741866699246,0.0548605208904227,377,H
422,75811_123_pirates,R_1ReKPLruMmFh1Lu,0,Female,Western (European),A few,A few,2,5,4,Male,75811,PiratesOfCaribbeanHM,q3,9.45741866699246,0.0548605208904227,377,H
423,75811_123_pirates,R_20PijJ2oTfL8crT,1,Male,Western (European),All of them,All of them,2,5,6,Male,75811,PiratesOfCaribbeanHM,q3,9.45741866699246,0.0548605208904227,377,H
424,75811_123_pirates,R_5NFgayfrWK0cA49,1,Male,Prefer not to say,Several,Many,2,5,5,Male,75811,PiratesOfCaribbeanHM,q3,9.45741866699246,0.0548605208904227,377,H
425,94444_249_newyork,R_4HtCFSDVAzW5ejn,0,Male,Western (European),Several,Many,2,4,2,Male,94444,SynecdocheAM,q4,14.825561477474356,0.0877466327853243,93,A
426,94444_249_newyork,R_5VjjzIo6khkc9DH,1,Male,Latin American,A few,A few,2,2,1,Male,94444,SynecdocheAM,q4,14.825561477474356,0.0877466327853243,93,A
427,94444_249_newyork,R_1ReKPLruMmFh1Lu,0,Female,Western (European),A few,A few,2,5,6,Male,94444,SynecdocheAM,q4,14.825561477474356,0.0877466327853243,93,A
428,94444_249_newyork,R_20PijJ2oTfL8crT,1,Male,Western (European),All of them,All of them,2,5,4,Male,94444,SynecdocheAM,q4,14.825561477474356,0.0877466327853243,93,A
429,94444_249_newyork,R_5NFgayfrWK0cA49,1,Male,Prefer not to say,Several,Many,2,4,2,Male,94444,SynecdocheAM,q4,14.825561477474356,0.0877466327853243,93,A
430,6873_4_click,R_4HtCFSDVAzW5ejn,0,Male,Western (European),Several,Many,2,3,3,Male,6873,ClickHM,q2,6.233965825053888,0.0359283040152666,4,H
431,6873_4_click,R_5VjjzIo6khkc9DH,1,Male,Latin American,A few,A few,2,2,1,Male,6873,ClickHM,q2,6.233965825053888,0.0359283040152666,4,H
432,6873_4_click,R_1ReKPLruMmFh1Lu,0,Female,Western (European),A few,A few,2,4,4,Male,6873,ClickHM,q2,6.233965825053888,0.0359283040152666,4,H
433,6873_4_click,R_20PijJ2oTfL8crT,1,Male,Western (European),All of them,All of them,2,5,6,Male,6873,ClickHM,q2,6.233965825053888,0.0359283040152666,4,H
434,6873_4_click,R_5NFgayfrWK0cA49,1,Male,Prefer not to say,Several,Many,2,4,2,Male,6873,ClickHM,q2,6.233965825053888,0.0359283040152666,4,H
435,96961_182_dark_batman,R_4HtCFSDVAzW5ejn,0,Male,Western (European),Several,Many,2,3,2,Male,96961,TheDarkKnightHM,q3,9.953447663011168,0.0604444877122306,54,H
436,96961_182_dark_batman,R_5VjjzIo6khkc9DH,1,Male,Latin American,A few,A few,2,3,2,Male,96961,TheDarkKnightHM,q3,9.953447663011168,0.0604444877122306,54,H
437,96961_182_dark_batman,R_1ReKPLruMmFh1Lu,0,Female,Western (European),A few,A few,2,6,6,Male,96961,TheDarkKnightHM,q3,9.953447663011168,0.0604444877122306,54,H
438,96961_182_dark_batman,R_20PijJ2oTfL8crT,1,Male,Western (European),All of them,All of them,2,5,4,Male,96961,TheDarkKnightHM,q3,9.953447663011168,0.0604444877122306,54,H
439,96961_182_dark_batman,R_5NFgayfrWK0cA49,1,Male,Prefer not to say,Several,Many,2,5,2,Male,96961,TheDarkKnightHM,q3,9.953447663011168,0.0604444877122306,54,H
440,182929_451_allornothing,R_4HtCFSDVAzW5ejn,0,Male,Western (European),Several,Many,2,4,3,Female,182929,AllOrNothingAM,q2,6.828880162053707,0.0386192208927985,214,A
441,182929_451_allornothing,R_5VjjzIo6khkc9DH,1,Male,Latin American,A few,A few,2,1,1,Female,182929,AllOrNothingAM,q2,6.828880162053707,0.0386192208927985,214,A
442,182929_451_allornothing,R_1ReKPLruMmFh1Lu,0,Female,Western (European),A few,A few,2,2,2,Female,182929,AllOrNothingAM,q2,6.828880162053707,0.0386192208927985,214,A
443,182929_451_allornothing,R_20PijJ2oTfL8crT,1,Male,Western (European),All of them,All of them,2,4,2,Female,182929,AllOrNothingAM,q2,6.828880162053707,0.0386192208927985,214,A
444,182929_451_allornothing,R_5NFgayfrWK0cA49,1,Male,Prefer not to say,Several,Many,2,4,1,Female,182929,AllOrNothingAM,q2,6.828880162053707,0.0386192208927985,214,A
445,130617_217_clean,R_4HtCFSDVAzW5ejn,0,Male,Western (European),Several,Many,2,2,2,Female,130617,CleanAM,q2,7.525962042906491,0.0422484752904615,138,A
446,130617_217_clean,R_5VjjzIo6khkc9DH,1,Male,Latin American,A few,A few,2,1,1,Female,130617,CleanAM,q2,7.525962042906491,0.0422484752904615,138,A
447,130617_217_clean,R_1ReKPLruMmFh1Lu,0,Female,Western (European),A few,A few,2,3,4,Female,130617,CleanAM,q2,7.525962042906491,0.0422484752904615,138,A
448,130617_217_clean,R_20PijJ2oTfL8crT,1,Male,Western (European),All of them,All of them,2,5,2,Female,130617,CleanAM,q2,7.525962042906491,0.0422484752904615,138,A
449,130617_217_clean,R_5NFgayfrWK0cA49,1,Male,Prefer not to say,Several,Many,2,2,1,Female,130617,CleanAM,q2,7.525962042906491,0.0422484752904615,138,A
450,29713_57_click,R_4HtCFSDVAzW5ejn,0,Male,Western (European),Several,Many,2,6,1,Male,29713,ClickHM,q3,10.593823742977484,0.0611627500371033,599,H
451,29713_57_click,R_5VjjzIo6khkc9DH,1,Male,Latin American,A few,A few,2,5,1,Male,29713,ClickHM,q3,10.593823742977484,0.0611627500371033,599,H
452,29713_57_click,R_1ReKPLruMmFh1Lu,0,Female,Western (European),A few,A few,2,5,3,Male,29713,ClickHM,q3,10.593823742977484,0.0611627500371033,599,H
453,29713_57_click,R_20PijJ2oTfL8crT,1,Male,Western (European),All of them,All of them,2,7,7,Male,29713,ClickHM,q3,10.593823742977484,0.0611627500371033,599,H
454,29713_57_click,R_5NFgayfrWK0cA49,1,Male,Prefer not to say,Several,Many,2,6,2,Male,29713,ClickHM,q3,10.593823742977484,0.0611627500371033,599,H
455,130041_191_pirates,R_4HtCFSDVAzW5ejn,0,Male,Western (European),Several,Many,2,3,1,Male,130041,PiratesOfCaribbeanHM,q3,9.18492359490751,0.0540811796083562,331,H
456,130041_191_pirates,R_5VjjzIo6khkc9DH,1,Male,Latin American,A few,A few,2,2,1,Male,130041,PiratesOfCaribbeanHM,q3,9.18492359490751,0.0540811796083562,331,H
457,130041_191_pirates,R_1ReKPLruMmFh1Lu,0,Female,Western (European),A few,A few,2,4,4,Male,130041,PiratesOfCaribbeanHM,q3,9.18492359490751,0.0540811796083562,331,H
458,130041_191_pirates,R_20PijJ2oTfL8crT,1,Male,Western (European),All of them,All of them,2,5,4,Male,130041,PiratesOfCaribbeanHM,q3,9.18492359490751,0.0540811796083562,331,H
459,130041_191_pirates,R_5NFgayfrWK0cA49,1,Male,Prefer not to say,Several,Many,2,3,2,Male,130041,PiratesOfCaribbeanHM,q3,9.18492359490751,0.0540811796083562,331,H
460,38256_63_bright,R_4HtCFSDVAzW5ejn,0,Male,Western (European),Several,Many,2,2,3,Female,38256,BrightStarAM,q2,6.9267303534815525,0.0384947794224222,24,A
461,38256_63_bright,R_5VjjzIo6khkc9DH,1,Male,Latin American,A few,A few,2,1,2,Female,38256,BrightStarAM,q2,6.9267303534815525,0.0384947794224222,24,A
462,38256_63_bright,R_1ReKPLruMmFh1Lu,0,Female,Western (European),A few,A few,2,4,5,Female,38256,BrightStarAM,q2,6.9267303534815525,0.0384947794224222,24,A
463,38256_63_bright,R_20PijJ2oTfL8crT,1,Male,Western (European),All of them,All of them,2,5,4,Female,38256,BrightStarAM,q2,6.9267303534815525,0.0384947794224222,24,A
464,38256_63_bright,R_5NFgayfrWK0cA49,1,Male,Prefer not to say,Several,Many,2,3,4,Female,38256,BrightStarAM,q2,6.9267303534815525,0.0384947794224222,24,A
465,66149_113_bright,R_4HtCFSDVAzW5ejn,0,Male,Western (European),Several,Many,2,1,1,Female,66149,BrightStarAM,q2,7.561384828520513,0.0442189730265347,52,A
466,66149_113_bright,R_5VjjzIo6khkc9DH,1,Male,Latin American,A few,A few,2,2,1,Female,66149,BrightStarAM,q2,7.561384828520513,0.0442189730265347,52,A
467,66149_113_bright,R_1ReKPLruMmFh1Lu,0,Female,Western (European),A few,A few,2,3,3,Female,66149,BrightStarAM,q2,7.561384828520513,0.0442189730265347,52,A
468,66149_113_bright,R_20PijJ2oTfL8crT,1,Male,Western (European),All of them,All of them,2,4,4,Female,66149,BrightStarAM,q2,7.561384828520513,0.0442189730265347,52,A
469,66149_113_bright,R_5NFgayfrWK0cA49,1,Male,Prefer not to say,Several,Many,2,1,1,Female,66149,BrightStarAM,q2,7.561384828520513,0.0442189730265347,52,A
470,154946_255_clean,R_4HtCFSDVAzW5ejn,0,Male,Western (European),Several,Many,2,1,1,Female,154946,CleanAM,q1,6.967356941646051,0.0399440666200682,165,A
471,154946_255_clean,R_5VjjzIo6khkc9DH,1,Male,Latin American,A few,A few,2,3,1,Female,154946,CleanAM,q1,6.967356941646051,0.0399440666200682,165,A
472,154946_255_clean,R_1ReKPLruMmFh1Lu,0,Female,Western (European),A few,A few,2,3,4,Female,154946,CleanAM,q1,6.967356941646051,0.0399440666200682,165,A
473,154946_255_clean,R_20PijJ2oTfL8crT,1,Male,Western (European),All of them,All of them,2,4,5,Female,154946,CleanAM,q1,6.967356941646051,0.0399440666200682,165,A
474,154946_255_clean,R_5NFgayfrWK0cA49,1,Male,Prefer not to say,Several,Many,2,3,1,Female,154946,CleanAM,q1,6.967356941646051,0.0399440666200682,165,A
475,132237_223_clean,R_4HtCFSDVAzW5ejn,0,Male,Western (European),Several,Many,2,2,3,Female,132237,CleanAM,q3,8.940363859823231,0.0509838865893839,143,A
476,132237_223_clean,R_5VjjzIo6khkc9DH,1,Male,Latin American,A few,A few,2,2,3,Female,132237,CleanAM,q3,8.940363859823231,0.0509838865893839,143,A
477,132237_223_clean,R_1ReKPLruMmFh1Lu,0,Female,Western (European),A few,A few,2,3,4,Female,132237,CleanAM,q3,8.940363859823231,0.0509838865893839,143,A
478,132237_223_clean,R_20PijJ2oTfL8crT,1,Male,Western (European),All of them,All of them,2,4,5,Female,132237,CleanAM,q3,8.940363859823231,0.0509838865893839,143,A
479,132237_223_clean,R_5NFgayfrWK0cA49,1,Male,Prefer not to say,Several,Many,2,1,1,Female,132237,CleanAM,q3,8.940363859823231,0.0509838865893839,143,A
480,66029_112_bright,R_4HtCFSDVAzW5ejn,0,Male,Western (European),Several,Many,2,2,1,Male,66029,BrightStarAM,q2,7.731238684294342,0.0455930729744082,51,A
481,66029_112_bright,R_5VjjzIo6khkc9DH,1,Male,Latin American,A few,A few,2,2,1,Male,66029,BrightStarAM,q2,7.731238684294342,0.0455930729744082,51,A
482,66029_112_bright,R_1ReKPLruMmFh1Lu,0,Female,Western (European),A few,A few,2,1,2,Male,66029,BrightStarAM,q2,7.731238684294342,0.0455930729744082,51,A
483,66029_112_bright,R_20PijJ2oTfL8crT,1,Male,Western (European),All of them,All of them,2,4,2,Male,66029,BrightStarAM,q2,7.731238684294342,0.0455930729744082,51,A
484,66029_112_bright,R_5NFgayfrWK0cA49,1,Male,Prefer not to say,Several,Many,2,3,1,Male,66029,BrightStarAM,q2,7.731238684294342,0.0455930729744082,51,A
485,53739_40_kvant,R_4HtCFSDVAzW5ejn,0,Male,Western (European),Several,Many,2,3,1,Male,53739,QuantumOfSolaceHM,q2,8.622256180236093,0.0493136093182536,22,H
486,53739_40_kvant,R_5VjjzIo6khkc9DH,1,Male,Latin American,A few,A few,2,3,2,Male,53739,QuantumOfSolaceHM,q2,8.622256180236093,0.0493136093182536,22,H
487,53739_40_kvant,R_1ReKPLruMmFh1Lu,0,Female,Western (European),A few,A few,2,5,5,Male,53739,QuantumOfSolaceHM,q2,8.622256180236093,0.0493136093182536,22,H
488,53739_40_kvant,R_20PijJ2oTfL8crT,1,Male,Western (European),All of them,All of them,2,5,6,Male,53739,QuantumOfSolaceHM,q2,8.622256180236093,0.0493136093182536,22,H
489,53739_40_kvant,R_5NFgayfrWK0cA49,1,Male,Prefer not to say,Several,Many,2,2,4,Male,53739,QuantumOfSolaceHM,q2,8.622256180236093,0.0493136093182536,22,H
490,152870_394_newyork,R_4HtCFSDVAzW5ejn,0,Male,Western (European),Several,Many,2,5,6,Male,152870,SynecdocheAM,q4,12.718682443721962,0.0777914582622433,145,A
491,152870_394_newyork,R_5VjjzIo6khkc9DH,1,Male,Latin American,A few,A few,2,3,1,Male,152870,SynecdocheAM,q4,12.718682443721962,0.0777914582622433,145,A
492,152870_394_newyork,R_1ReKPLruMmFh1Lu,0,Female,Western (European),A few,A few,2,4,3,Male,152870,SynecdocheAM,q4,12.718682443721962,0.0777914582622433,145,A
493,152870_394_newyork,R_20PijJ2oTfL8crT,1,Male,Western (European),All of them,All of them,2,5,1,Male,152870,SynecdocheAM,q4,12.718682443721962,0.0777914582622433,145,A
494,152870_394_newyork,R_5NFgayfrWK0cA49,1,Male,Prefer not to say,Several,Many,2,6,2,Male,152870,SynecdocheAM,q4,12.718682443721962,0.0777914582622433,145,A
495,91593_103_fast,R_4HtCFSDVAzW5ejn,0,Male,Western (European),Several,Many,2,3,1,Male,91593,FastAndFuriousHM,q4,16.3442994144577,0.1021907297021589,181,H
496,91593_103_fast,R_5VjjzIo6khkc9DH,1,Male,Latin American,A few,A few,2,1,2,Male,91593,FastAndFuriousHM,q4,16.3442994144577,0.1021907297021589,181,H
497,91593_103_fast,R_1ReKPLruMmFh1Lu,0,Female,Western (European),A few,A few,2,1,2,Male,91593,FastAndFuriousHM,q4,16.3442994144577,0.1021907297021589,181,H
498,91593_103_fast,R_20PijJ2oTfL8crT,1,Male,Western (European),All of them,All of them,2,5,4,Male,91593,FastAndFuriousHM,q4,16.3442994144577,0.1021907297021589,181,H
499,91593_103_fast,R_5NFgayfrWK0cA49,1,Male,Prefer not to say,Several,Many,2,5,2,Male,91593,FastAndFuriousHM,q4,16.3442994144577,0.1021907297021589,181,H
500,38625_38_fast,R_4HtCFSDVAzW5ejn,0,Male,Western (European),Several,Many,2,3,2,Male,38625,FastAndFuriousHM,q3,8.472943568244899,0.0535388716523303,196,H
501,38625_38_fast,R_5VjjzIo6khkc9DH,1,Male,Latin American,A few,A few,2,1,2,Male,38625,FastAndFuriousHM,q3,8.472943568244899,0.0535388716523303,196,H
502,38625_38_fast,R_1ReKPLruMmFh1Lu,0,Female,Western (European),A few,A few,2,5,6,Male,38625,FastAndFuriousHM,q3,8.472943568244899,0.0535388716523303,196,H
503,38625_38_fast,R_20PijJ2oTfL8crT,1,Male,Western (European),All of them,All of them,2,7,5,Male,38625,FastAndFuriousHM,q3,8.472943568244899,0.0535388716523303,196,H
504,38625_38_fast,R_5NFgayfrWK0cA49,1,Male,Prefer not to say,Several,Many,2,3,2,Male,38625,FastAndFuriousHM,q3,8.472943568244899,0.0535388716523303,196,H
505,23009_41_click,R_4HtCFSDVAzW5ejn,0,Male,Western (European),Several,Many,2,2,2,Male,23009,ClickHM,q2,6.76416395129895,0.0391172644126917,41,H
506,23009_41_click,R_5VjjzIo6khkc9DH,1,Male,Latin American,A few,A few,2,2,3,Male,23009,ClickHM,q2,6.76416395129895,0.0391172644126917,41,H
507,23009_41_click,R_1ReKPLruMmFh1Lu,0,Female,Western (European),A few,A few,2,4,5,Male,23009,ClickHM,q2,6.76416395129895,0.0391172644126917,41,H
508,23009_41_click,R_20PijJ2oTfL8crT,1,Male,Western (European),All of them,All of them,2,3,3,Male,23009,ClickHM,q2,6.76416395129895,0.0391172644126917,41,H
509,23009_41_click,R_5NFgayfrWK0cA49,1,Male,Prefer not to say,Several,Many,2,3,2,Male,23009,ClickHM,q2,6.76416395129895,0.0391172644126917,41,H
510,19561_45_pirates,R_4HtCFSDVAzW5ejn,0,Male,Western (European),Several,Many,2,5,1,Male,19561,PiratesOfCaribbeanHM,q4,10.529919724897898,0.0626694465236394,305,H
511,19561_45_pirates,R_5VjjzIo6khkc9DH,1,Male,Latin American,A few,A few,2,3,1,Male,19561,PiratesOfCaribbeanHM,q4,10.529919724897898,0.0626694465236394,305,H
512,19561_45_pirates,R_1ReKPLruMmFh1Lu,0,Female,Western (European),A few,A few,2,5,5,Male,19561,PiratesOfCaribbeanHM,q4,10.529919724897898,0.0626694465236394,305,H
513,19561_45_pirates,R_20PijJ2oTfL8crT,1,Male,Western (European),All of them,All of them,2,7,6,Male,19561,PiratesOfCaribbeanHM,q4,10.529919724897898,0.0626694465236394,305,H
514,19561_45_pirates,R_5NFgayfrWK0cA49,1,Male,Prefer not to say,Several,Many,2,4,2,Male,19561,PiratesOfCaribbeanHM,q4,10.529919724897898,0.0626694465236394,305,H
515,12081_2_kvant,R_8R84UkPSkyaXRcF,0,Female,Western (European),Several,Several,3,3,1,Male,12081,QuantumOfSolaceHM,q2,6.876491287592544,0.038063318522743,2,H
516,12081_2_kvant,R_2v7DVMyt00Hy9CT,0,Male,Western (European),A few,A few,3,1,1,Male,12081,QuantumOfSolaceHM,q2,6.876491287592544,0.038063318522743,2,H
517,12081_2_kvant,R_5an1SE9dNlygUwC,0,Female,Middle-eastern,A few,Several,3,2,1,Male,12081,QuantumOfSolaceHM,q2,6.876491287592544,0.038063318522743,2,H
518,12081_2_kvant,R_736WB2AI1nSsrpE,1,Male,Other,Several,Many,3,5,2,Male,12081,QuantumOfSolaceHM,q2,6.876491287592544,0.038063318522743,2,H
519,12081_2_kvant,R_2QbC7dJbe7JRo3w,1,Male,Asian (South),Many,Many,3,3,1,Male,12081,QuantumOfSolaceHM,q2,6.876491287592544,0.038063318522743,2,H
520,61409_145_newyork,R_8R84UkPSkyaXRcF,0,Female,Western (European),Several,Several,3,5,3,Female,61409,SynecdocheAM,q4,11.387961532965583,0.0674763383676187,60,A
521,61409_145_newyork,R_2v7DVMyt00Hy9CT,0,Male,Western (European),A few,A few,3,5,2,Female,61409,SynecdocheAM,q4,11.387961532965583,0.0674763383676187,60,A
522,61409_145_newyork,R_5an1SE9dNlygUwC,0,Female,Middle-eastern,A few,Several,3,4,3,Female,61409,SynecdocheAM,q4,11.387961532965583,0.0674763383676187,60,A
523,61409_145_newyork,R_736WB2AI1nSsrpE,1,Male,Other,Several,Many,3,5,4,Female,61409,SynecdocheAM,q4,11.387961532965583,0.0674763383676187,60,A
524,61409_145_newyork,R_2QbC7dJbe7JRo3w,1,Male,Asian (South),Many,Many,3,5,5,Female,61409,SynecdocheAM,q4,11.387961532965583,0.0674763383676187,60,A
525,74441_205_copy,R_8R84UkPSkyaXRcF,0,Female,Western (European),Several,Several,3,2,3,Female,74441,CertifiedCopyAM,q1,3.796042154602252,0.0210781532540037,94,A
526,74441_205_copy,R_2v7DVMyt00Hy9CT,0,Male,Western (European),A few,A few,3,2,1,Female,74441,CertifiedCopyAM,q1,3.796042154602252,0.0210781532540037,94,A
527,74441_205_copy,R_5an1SE9dNlygUwC,0,Female,Middle-eastern,A few,Several,3,2,2,Female,74441,CertifiedCopyAM,q1,3.796042154602252,0.0210781532540037,94,A
528,74441_205_copy,R_736WB2AI1nSsrpE,1,Male,Other,Several,Many,3,1,1,Female,74441,CertifiedCopyAM,q1,3.796042154602252,0.0210781532540037,94,A
529,74441_205_copy,R_2QbC7dJbe7JRo3w,1,Male,Asian (South),Many,Many,3,2,2,Female,74441,CertifiedCopyAM,q1,3.796042154602252,0.0210781532540037,94,A
530,53291_38_kvant,R_8R84UkPSkyaXRcF,0,Female,Western (European),Several,Several,3,5,7,Male,53291,QuantumOfSolaceHM,q1,4.523090957818572,0.0266428974474816,20,H
531,53291_38_kvant,R_2v7DVMyt00Hy9CT,0,Male,Western (European),A few,A few,3,4,2,Male,53291,QuantumOfSolaceHM,q1,4.523090957818572,0.0266428974474816,20,H
532,53291_38_kvant,R_5an1SE9dNlygUwC,0,Female,Middle-eastern,A few,Several,3,3,4,Male,53291,QuantumOfSolaceHM,q1,4.523090957818572,0.0266428974474816,20,H
533,53291_38_kvant,R_736WB2AI1nSsrpE,1,Male,Other,Several,Many,3,3,2,Male,53291,QuantumOfSolaceHM,q1,4.523090957818572,0.0266428974474816,20,H
534,53291_38_kvant,R_2QbC7dJbe7JRo3w,1,Male,Asian (South),Many,Many,3,3,5,Male,53291,QuantumOfSolaceHM,q1,4.523090957818572,0.0266428974474816,20,H
535,93594_104_fast,R_8R84UkPSkyaXRcF,0,Female,Western (European),Several,Several,3,4,5,Female,93594,FastAndFuriousHM,q1,2.914804674629642,0.0158054209897712,183,H
536,93594_104_fast,R_2v7DVMyt00Hy9CT,0,Male,Western (European),A few,A few,3,2,1,Female,93594,FastAndFuriousHM,q1,2.914804674629642,0.0158054209897712,183,H
537,93594_104_fast,R_5an1SE9dNlygUwC,0,Female,Middle-eastern,A few,Several,3,3,2,Female,93594,FastAndFuriousHM,q1,2.914804674629642,0.0158054209897712,183,H
538,93594_104_fast,R_736WB2AI1nSsrpE,1,Male,Other,Several,Many,3,3,2,Female,93594,FastAndFuriousHM,q1,2.914804674629642,0.0158054209897712,183,H
539,93594_104_fast,R_2QbC7dJbe7JRo3w,1,Male,Asian (South),Many,Many,3,3,2,Female,93594,FastAndFuriousHM,q1,2.914804674629642,0.0158054209897712,183,H
540,108155_237_click,R_8R84UkPSkyaXRcF,0,Female,Western (European),Several,Several,3,3,4,Female,108155,ClickHM,q2,5.906601030390716,0.0333984531374605,415,H
541,108155_237_click,R_2v7DVMyt00Hy9CT,0,Male,Western (European),A few,A few,3,1,1,Female,108155,ClickHM,q2,5.906601030390716,0.0333984531374605,415,H
542,108155_237_click,R_5an1SE9dNlygUwC,0,Female,Middle-eastern,A few,Several,3,3,2,Female,108155,ClickHM,q2,5.906601030390716,0.0333984531374605,415,H
543,108155_237_click,R_736WB2AI1nSsrpE,1,Male,Other,Several,Many,3,4,2,Female,108155,ClickHM,q2,5.906601030390716,0.0333984531374605,415,H
544,108155_237_click,R_2QbC7dJbe7JRo3w,1,Male,Asian (South),Many,Many,3,2,2,Female,108155,ClickHM,q2,5.906601030390716,0.0333984531374605,415,H
545,34170_18_kvant,R_8R84UkPSkyaXRcF,0,Female,Western (European),Several,Several,3,4,5,Male,34170,QuantumOfSolaceHM,q2,6.934153727506175,0.039836260888703,13,H
546,34170_18_kvant,R_2v7DVMyt00Hy9CT,0,Male,Western (European),A few,A few,3,4,3,Male,34170,QuantumOfSolaceHM,q2,6.934153727506175,0.039836260888703,13,H
547,34170_18_kvant,R_5an1SE9dNlygUwC,0,Female,Middle-eastern,A few,Several,3,2,3,Male,34170,QuantumOfSolaceHM,q2,6.934153727506175,0.039836260888703,13,H
548,34170_18_kvant,R_736WB2AI1nSsrpE,1,Male,Other,Several,Many,3,2,3,Male,34170,QuantumOfSolaceHM,q2,6.934153727506175,0.039836260888703,13,H
549,34170_18_kvant,R_2QbC7dJbe7JRo3w,1,Male,Asian (South),Many,Many,3,2,3,Male,34170,QuantumOfSolaceHM,q2,6.934153727506175,0.039836260888703,13,H
550,104633_155_clean,R_8R84UkPSkyaXRcF,0,Female,Western (European),Several,Several,3,4,5,Female,104633,CleanAM,q4,12.280183030775609,0.0734017417788391,91,A
551,104633_155_clean,R_2v7DVMyt00Hy9CT,0,Male,Western (European),A few,A few,3,1,1,Female,104633,CleanAM,q4,12.280183030775609,0.0734017417788391,91,A
552,104633_155_clean,R_5an1SE9dNlygUwC,0,Female,Middle-eastern,A few,Several,3,3,3,Female,104633,CleanAM,q4,12.280183030775609,0.0734017417788391,91,A
553,104633_155_clean,R_736WB2AI1nSsrpE,1,Male,Other,Several,Many,3,4,3,Female,104633,CleanAM,q4,12.280183030775609,0.0734017417788391,91,A
554,104633_155_clean,R_2QbC7dJbe7JRo3w,1,Male,Asian (South),Many,Many,3,4,3,Female,104633,CleanAM,q4,12.280183030775609,0.0734017417788391,91,A
560,141625_241_bright,R_8R84UkPSkyaXRcF,0,Female,Western (European),Several,Several,3,6,3,Male,141625,BrightStarAM,q2,7.781592619873527,0.0455212123051867,103,A
561,141625_241_bright,R_2v7DVMyt00Hy9CT,0,Male,Western (European),A few,A few,3,4,2,Male,141625,BrightStarAM,q2,7.781592619873527,0.0455212123051867,103,A
562,141625_241_bright,R_5an1SE9dNlygUwC,0,Female,Middle-eastern,A few,Several,3,1,2,Male,141625,BrightStarAM,q2,7.781592619873527,0.0455212123051867,103,A
563,141625_241_bright,R_736WB2AI1nSsrpE,1,Male,Other,Several,Many,3,4,2,Male,141625,BrightStarAM,q2,7.781592619873527,0.0455212123051867,103,A
564,141625_241_bright,R_2QbC7dJbe7JRo3w,1,Male,Asian (South),Many,Many,3,4,5,Male,141625,BrightStarAM,q2,7.781592619873527,0.0455212123051867,103,A
565,103522_185_spider,R_8R84UkPSkyaXRcF,0,Female,Western (European),Several,Several,3,3,3,Male,103522,SpiderAM,q1,1.7377253083066762,0.0092999495024868,89,A
566,103522_185_spider,R_2v7DVMyt00Hy9CT,0,Male,Western (European),A few,A few,3,1,1,Male,103522,SpiderAM,q1,1.7377253083066762,0.0092999495024868,89,A
567,103522_185_spider,R_5an1SE9dNlygUwC,0,Female,Middle-eastern,A few,Several,3,2,2,Male,103522,SpiderAM,q1,1.7377253083066762,0.0092999495024868,89,A
568,103522_185_spider,R_736WB2AI1nSsrpE,1,Male,Other,Several,Many,3,2,2,Male,103522,SpiderAM,q1,1.7377253083066762,0.0092999495024868,89,A
569,103522_185_spider,R_2QbC7dJbe7JRo3w,1,Male,Asian (South),Many,Many,3,1,2,Male,103522,SpiderAM,q1,1.7377253083066762,0.0092999495024868,89,A
570,108281_167_clean,R_8R84UkPSkyaXRcF,0,Female,Western (European),Several,Several,3,4,1,Male,108281,CleanAM,q4,15.292506597155274,0.1099779363314606,103,A
571,108281_167_clean,R_2v7DVMyt00Hy9CT,0,Male,Western (European),A few,A few,3,1,2,Male,108281,CleanAM,q4,15.292506597155274,0.1099779363314606,103,A
572,108281_167_clean,R_5an1SE9dNlygUwC,0,Female,Middle-eastern,A few,Several,3,1,1,Male,108281,CleanAM,q4,15.292506597155274,0.1099779363314606,103,A
573,108281_167_clean,R_736WB2AI1nSsrpE,1,Male,Other,Several,Many,3,4,3,Male,108281,CleanAM,q4,15.292506597155274,0.1099779363314606,103,A
574,108281_167_clean,R_2QbC7dJbe7JRo3w,1,Male,Asian (South),Many,Many,3,2,1,Male,108281,CleanAM,q4,15.292506597155274,0.1099779363314606,103,A
575,129583_307_click,R_8R84UkPSkyaXRcF,0,Female,Western (European),Several,Several,3,1,2,Male,129583,ClickHM,q3,9.985121774994845,0.0576602568385149,550,H
576,129583_307_click,R_2v7DVMyt00Hy9CT,0,Male,Western (European),A few,A few,3,2,1,Male,129583,ClickHM,q3,9.985121774994845,0.0576602568385149,550,H
577,129583_307_click,R_5an1SE9dNlygUwC,0,Female,Middle-eastern,A few,Several,3,1,2,Male,129583,ClickHM,q3,9.985121774994845,0.0576602568385149,550,H
578,129583_307_click,R_736WB2AI1nSsrpE,1,Male,Other,Several,Many,3,2,1,Male,129583,ClickHM,q3,9.985121774994845,0.0576602568385149,550,H
579,129583_307_click,R_2QbC7dJbe7JRo3w,1,Male,Asian (South),Many,Many,3,1,1,Male,129583,ClickHM,q3,9.985121774994845,0.0576602568385149,550,H
580,25739_49_pirates,R_8R84UkPSkyaXRcF,0,Female,Western (European),Several,Several,3,6,5,Male,25739,PiratesOfCaribbeanHM,q2,7.10588802745033,0.0415484416508031,343,H
581,25739_49_pirates,R_2v7DVMyt00Hy9CT,0,Male,Western (European),A few,A few,3,3,2,Male,25739,PiratesOfCaribbeanHM,q2,7.10588802745033,0.0415484416508031,343,H
582,25739_49_pirates,R_5an1SE9dNlygUwC,0,Female,Middle-eastern,A few,Several,3,4,4,Male,25739,PiratesOfCaribbeanHM,q2,7.10588802745033,0.0415484416508031,343,H
583,25739_49_pirates,R_736WB2AI1nSsrpE,1,Male,Other,Several,Many,3,5,4,Male,25739,PiratesOfCaribbeanHM,q2,7.10588802745033,0.0415484416508031,343,H
584,25739_49_pirates,R_2QbC7dJbe7JRo3w,1,Male,Asian (South),Many,Many,3,2,4,Male,25739,PiratesOfCaribbeanHM,q2,7.10588802745033,0.0415484416508031,343,H
585,64505_72_fast,R_8R84UkPSkyaXRcF,0,Female,Western (European),Several,Several,3,3,4,Female,64505,FastAndFuriousHM,q1,4.392900312705968,0.0247071513880918,214,H
586,64505_72_fast,R_2v7DVMyt00Hy9CT,0,Male,Western (European),A few,A few,3,2,3,Female,64505,FastAndFuriousHM,q1,4.392900312705968,0.0247071513880918,214,H
587,64505_72_fast,R_5an1SE9dNlygUwC,0,Female,Middle-eastern,A few,Several,3,4,4,Female,64505,FastAndFuriousHM,q1,4.392900312705968,0.0247071513880918,214,H
588,64505_72_fast,R_736WB2AI1nSsrpE,1,Male,Other,Several,Many,3,4,4,Female,64505,FastAndFuriousHM,q1,4.392900312705968,0.0247071513880918,214,H
589,64505_72_fast,R_2QbC7dJbe7JRo3w,1,Male,Asian (South),Many,Many,3,3,2,Female,64505,FastAndFuriousHM,q1,4.392900312705968,0.0247071513880918,214,H
590,45385_92_click,R_8R84UkPSkyaXRcF,0,Female,Western (European),Several,Several,3,6,3,Male,45385,ClickHM,q2,7.195466968075497,0.0434460639753679,377,H
591,45385_92_click,R_2v7DVMyt00Hy9CT,0,Male,Western (European),A few,A few,3,2,1,Male,45385,ClickHM,q2,7.195466968075497,0.0434460639753679,377,H
592,45385_92_click,R_5an1SE9dNlygUwC,0,Female,Middle-eastern,A few,Several,3,5,3,Male,45385,ClickHM,q2,7.195466968075497,0.0434460639753679,377,H
593,45385_92_click,R_736WB2AI1nSsrpE,1,Male,Other,Several,Many,3,3,4,Male,45385,ClickHM,q2,7.195466968075497,0.0434460639753679,377,H
594,45385_92_click,R_2QbC7dJbe7JRo3w,1,Male,Asian (South),Many,Many,3,1,3,Male,45385,ClickHM,q2,7.195466968075497,0.0434460639753679,377,H
595,152669_392_newyork,R_8R84UkPSkyaXRcF,0,Female,Western (European),Several,Several,3,2,4,Male,152669,SynecdocheAM,q4,12.64560485791032,0.077153393842223,143,A
596,152669_392_newyork,R_2v7DVMyt00Hy9CT,0,Male,Western (European),A few,A few,3,2,1,Male,152669,SynecdocheAM,q4,12.64560485791032,0.077153393842223,143,A
597,152669_392_newyork,R_5an1SE9dNlygUwC,0,Female,Middle-eastern,A few,Several,3,2,2,Male,152669,SynecdocheAM,q4,12.64560485791032,0.077153393842223,143,A
598,152669_392_newyork,R_736WB2AI1nSsrpE,1,Male,Other,Several,Many,3,4,1,Male,152669,SynecdocheAM,q4,12.64560485791032,0.077153393842223,143,A
599,152669_392_newyork,R_2QbC7dJbe7JRo3w,1,Male,Asian (South),Many,Many,3,4,1,Male,152669,SynecdocheAM,q4,12.64560485791032,0.077153393842223,143,A
600,117081_130_fast,R_8R84UkPSkyaXRcF,0,Female,Western (European),Several,Several,3,5,5,Male,117081,FastAndFuriousHM,q2,8.78186442591206,0.0497191294752132,221,H
601,117081_130_fast,R_2v7DVMyt00Hy9CT,0,Male,Western (European),A few,A few,3,2,1,Male,117081,FastAndFuriousHM,q2,8.78186442591206,0.0497191294752132,221,H
602,117081_130_fast,R_5an1SE9dNlygUwC,0,Female,Middle-eastern,A few,Several,3,2,2,Male,117081,FastAndFuriousHM,q2,8.78186442591206,0.0497191294752132,221,H
603,117081_130_fast,R_736WB2AI1nSsrpE,1,Male,Other,Several,Many,3,4,3,Male,117081,FastAndFuriousHM,q2,8.78186442591206,0.0497191294752132,221,H
604,117081_130_fast,R_2QbC7dJbe7JRo3w,1,Male,Asian (South),Many,Many,3,4,4,Male,117081,FastAndFuriousHM,q2,8.78186442591206,0.0497191294752132,221,H
605,50650_104_click,R_8R84UkPSkyaXRcF,0,Female,Western (European),Several,Several,3,6,6,Male,50650,ClickHM,q3,8.484652012833376,0.0515752883103652,470,H
606,50650_104_click,R_2v7DVMyt00Hy9CT,0,Male,Western (European),A few,A few,3,4,2,Male,50650,ClickHM,q3,8.484652012833376,0.0515752883103652,470,H
607,50650_104_click,R_5an1SE9dNlygUwC,0,Female,Middle-eastern,A few,Several,3,4,3,Male,50650,ClickHM,q3,8.484652012833376,0.0515752883103652,470,H
608,50650_104_click,R_736WB2AI1nSsrpE,1,Male,Other,Several,Many,3,4,4,Male,50650,ClickHM,q3,8.484652012833376,0.0515752883103652,470,H
609,50650_104_click,R_2QbC7dJbe7JRo3w,1,Male,Asian (South),Many,Many,3,2,4,Male,50650,ClickHM,q3,8.484652012833376,0.0515752883103652,470,H
610,66217_133_dark_batman,R_8R84UkPSkyaXRcF,0,Female,Western (European),Several,Several,3,5,2,Male,66217,TheDarkKnightHM,q1,4.912401425506519,0.0280373463110451,36,H
611,66217_133_dark_batman,R_2v7DVMyt00Hy9CT,0,Male,Western (European),A few,A few,3,3,2,Male,66217,TheDarkKnightHM,q1,4.912401425506519,0.0280373463110451,36,H
612,66217_133_dark_batman,R_5an1SE9dNlygUwC,0,Female,Middle-eastern,A few,Several,3,2,2,Male,66217,TheDarkKnightHM,q1,4.912401425506519,0.0280373463110451,36,H
613,66217_133_dark_batman,R_736WB2AI1nSsrpE,1,Male,Other,Several,Many,3,4,1,Male,66217,TheDarkKnightHM,q1,4.912401425506519,0.0280373463110451,36,H
614,66217_133_dark_batman,R_2QbC7dJbe7JRo3w,1,Male,Asian (South),Many,Many,3,2,1,Male,66217,TheDarkKnightHM,q1,4.912401425506519,0.0280373463110451,36,H
615,133417_238_dark_batman,R_8R84UkPSkyaXRcF,0,Female,Western (European),Several,Several,3,5,3,Female,133417,TheDarkKnightHM,q4,14.373224465061892,0.092033985440125,76,H
616,133417_238_dark_batman,R_2v7DVMyt00Hy9CT,0,Male,Western (European),A few,A few,3,1,1,Female,133417,TheDarkKnightHM,q4,14.373224465061892,0.092033985440125,76,H
617,133417_238_dark_batman,R_5an1SE9dNlygUwC,0,Female,Middle-eastern,A few,Several,3,3,1,Female,133417,TheDarkKnightHM,q4,14.373224465061892,0.092033985440125,76,H
618,133417_238_dark_batman,R_736WB2AI1nSsrpE,1,Male,Other,Several,Many,3,6,2,Female,133417,TheDarkKnightHM,q4,14.373224465061892,0.092033985440125,76,H
619,133417_238_dark_batman,R_2QbC7dJbe7JRo3w,1,Male,Asian (South),Many,Many,3,1,1,Female,133417,TheDarkKnightHM,q4,14.373224465061892,0.092033985440125,76,H
620,164473_410_allornothing,R_8R84UkPSkyaXRcF,0,Female,Western (European),Several,Several,3,6,3,Male,164473,AllOrNothingAM,q4,12.59289331285032,0.0803425834509187,195,A
621,164473_410_allornothing,R_2v7DVMyt00Hy9CT,0,Male,Western (European),A few,A few,3,3,2,Male,164473,AllOrNothingAM,q4,12.59289331285032,0.0803425834509187,195,A
622,164473_410_allornothing,R_5an1SE9dNlygUwC,0,Female,Middle-eastern,A few,Several,3,3,2,Male,164473,AllOrNothingAM,q4,12.59289331285032,0.0803425834509187,195,A
623,164473_410_allornothing,R_736WB2AI1nSsrpE,1,Male,Other,Several,Many,3,6,5,Male,164473,AllOrNothingAM,q4,12.59289331285032,0.0803425834509187,195,A
624,164473_410_allornothing,R_2QbC7dJbe7JRo3w,1,Male,Asian (South),Many,Many,3,4,3,Male,164473,AllOrNothingAM,q4,12.59289331285032,0.0803425834509187,195,A
625,75889_71_kvant,R_8R84UkPSkyaXRcF,0,Female,Western (European),Several,Several,3,2,3,Female,75889,QuantumOfSolaceHM,q3,9.218636000756328,0.0527813054871322,41,H
626,75889_71_kvant,R_2v7DVMyt00Hy9CT,0,Male,Western (European),A few,A few,3,2,3,Female,75889,QuantumOfSolaceHM,q3,9.218636000756328,0.0527813054871322,41,H
627,75889_71_kvant,R_5an1SE9dNlygUwC,0,Female,Middle-eastern,A few,Several,3,2,3,Female,75889,QuantumOfSolaceHM,q3,9.218636000756328,0.0527813054871322,41,H
628,75889_71_kvant,R_736WB2AI1nSsrpE,1,Male,Other,Several,Many,3,2,1,Female,75889,QuantumOfSolaceHM,q3,9.218636000756328,0.0527813054871322,41,H
629,75889_71_kvant,R_2QbC7dJbe7JRo3w,1,Male,Asian (South),Many,Many,3,2,3,Female,75889,QuantumOfSolaceHM,q3,9.218636000756328,0.0527813054871322,41,H
630,53817_87_spider,R_8R84UkPSkyaXRcF,0,Female,Western (European),Several,Several,3,5,2,Female,53817,SpiderAM,q2,7.886367207862957,0.0455997410517817,39,A
631,53817_87_spider,R_2v7DVMyt00Hy9CT,0,Male,Western (European),A few,A few,3,1,1,Female,53817,SpiderAM,q2,7.886367207862957,0.0455997410517817,39,A
632,53817_87_spider,R_5an1SE9dNlygUwC,0,Female,Middle-eastern,A few,Several,3,4,2,Female,53817,SpiderAM,q2,7.886367207862957,0.0455997410517817,39,A
633,53817_87_spider,R_736WB2AI1nSsrpE,1,Male,Other,Several,Many,3,4,1,Female,53817,SpiderAM,q2,7.886367207862957,0.0455997410517817,39,A
634,53817_87_spider,R_2QbC7dJbe7JRo3w,1,Male,Asian (South),Many,Many,3,1,2,Female,53817,SpiderAM,q2,7.886367207862957,0.0455997410517817,39,A
635,133865_278_monster,R_8R84UkPSkyaXRcF,0,Female,Western (European),Several,Several,3,3,2,Female,133865,MonsterInLawHM,q1,4.995206909635389,0.0279261833860822,140,H
636,133865_278_monster,R_2v7DVMyt00Hy9CT,0,Male,Western (European),A few,A few,3,3,2,Female,133865,MonsterInLawHM,q1,4.995206909635389,0.0279261833860822,140,H
637,133865_278_monster,R_5an1SE9dNlygUwC,0,Female,Middle-eastern,A few,Several,3,3,3,Female,133865,MonsterInLawHM,q1,4.995206909635389,0.0279261833860822,140,H
638,133865_278_monster,R_736WB2AI1nSsrpE,1,Male,Other,Several,Many,3,5,3,Female,133865,MonsterInLawHM,q1,4.995206909635389,0.0279261833860822,140,H
639,133865_278_monster,R_2QbC7dJbe7JRo3w,1,Male,Asian (South),Many,Many,3,4,3,Female,133865,MonsterInLawHM,q1,4.995206909635389,0.0279261833860822,140,H
640,30244_29_fast,R_8R84UkPSkyaXRcF,0,Female,Western (European),Several,Several,3,4,1,Male,30244,FastAndFuriousHM,q3,10.77882472516606,0.0635784702127045,154,H
641,30244_29_fast,R_2v7DVMyt00Hy9CT,0,Male,Western (European),A few,A few,3,1,2,Male,30244,FastAndFuriousHM,q3,10.77882472516606,0.0635784702127045,154,H
642,30244_29_fast,R_5an1SE9dNlygUwC,0,Female,Middle-eastern,A few,Several,3,4,2,Male,30244,FastAndFuriousHM,q3,10.77882472516606,0.0635784702127045,154,H
643,30244_29_fast,R_736WB2AI1nSsrpE,1,Male,Other,Several,Many,3,3,2,Male,30244,FastAndFuriousHM,q3,10.77882472516606,0.0635784702127045,154,H
644,30244_29_fast,R_2QbC7dJbe7JRo3w,1,Male,Asian (South),Many,Many,3,3,1,Male,30244,FastAndFuriousHM,q3,10.77882472516606,0.0635784702127045,154,H
645,4069_0_monster,R_8R84UkPSkyaXRcF,0,Female,Western (European),Several,Several,3,2,2,Female,4069,MonsterInLawHM,q1,4.72352583623971,0.0266392321456576,0,H
646,4069_0_monster,R_2v7DVMyt00Hy9CT,0,Male,Western (European),A few,A few,3,5,2,Female,4069,MonsterInLawHM,q1,4.72352583623971,0.0266392321456576,0,H
647,4069_0_monster,R_5an1SE9dNlygUwC,0,Female,Middle-eastern,A few,Several,3,2,2,Female,4069,MonsterInLawHM,q1,4.72352583623971,0.0266392321456576,0,H
648,4069_0_monster,R_736WB2AI1nSsrpE,1,Male,Other,Several,Many,3,5,3,Female,4069,MonsterInLawHM,q1,4.72352583623971,0.0266392321456576,0,H
649,4069_0_monster,R_2QbC7dJbe7JRo3w,1,Male,Asian (South),Many,Many,3,2,2,Female,4069,MonsterInLawHM,q1,4.72352583623971,0.0266392321456576,0,H
650,52453_35_kvant,R_8R84UkPSkyaXRcF,0,Female,Western (European),Several,Several,3,6,5,Male,52453,QuantumOfSolaceHM,q4,16.758423976831192,0.1229227070887983,18,H
651,52453_35_kvant,R_2v7DVMyt00Hy9CT,0,Male,Western (European),A few,A few,3,3,2,Male,52453,QuantumOfSolaceHM,q4,16.758423976831192,0.1229227070887983,18,H
652,52453_35_kvant,R_5an1SE9dNlygUwC,0,Female,Middle-eastern,A few,Several,3,2,2,Male,52453,QuantumOfSolaceHM,q4,16.758423976831192,0.1229227070887983,18,H
653,52453_35_kvant,R_736WB2AI1nSsrpE,1,Male,Other,Several,Many,3,4,2,Male,52453,QuantumOfSolaceHM,q4,16.758423976831192,0.1229227070887983,18,H
654,52453_35_kvant,R_2QbC7dJbe7JRo3w,1,Male,Asian (South),Many,Many,3,2,4,Male,52453,QuantumOfSolaceHM,q4,16.758423976831192,0.1229227070887983,18,H
655,112305_248_click,R_8R84UkPSkyaXRcF,0,Female,Western (European),Several,Several,3,2,1,Male,112305,ClickHM,q3,9.61922150802769,0.0552168572952947,437,H
656,112305_248_click,R_2v7DVMyt00Hy9CT,0,Male,Western (European),A few,A few,3,1,1,Male,112305,ClickHM,q3,9.61922150802769,0.0552168572952947,437,H
657,112305_248_click,R_5an1SE9dNlygUwC,0,Female,Middle-eastern,A few,Several,3,2,1,Male,112305,ClickHM,q3,9.61922150802769,0.0552168572952947,437,H
658,112305_248_click,R_736WB2AI1nSsrpE,1,Male,Other,Several,Many,3,2,1,Male,112305,ClickHM,q3,9.61922150802769,0.0552168572952947,437,H
659,112305_248_click,R_2QbC7dJbe7JRo3w,1,Male,Asian (South),Many,Many,3,1,1,Male,112305,ClickHM,q3,9.61922150802769,0.0552168572952947,437,H
660,19073_34_monster,R_8R84UkPSkyaXRcF,0,Female,Western (European),Several,Several,3,5,7,Female,19073,MonsterInLawHM,q1,3.7979457864925497,0.0211570582762724,18,H
661,19073_34_monster,R_2v7DVMyt00Hy9CT,0,Male,Western (European),A few,A few,3,5,2,Female,19073,MonsterInLawHM,q1,3.7979457864925497,0.0211570582762724,18,H
662,19073_34_monster,R_5an1SE9dNlygUwC,0,Female,Middle-eastern,A few,Several,3,3,5,Female,19073,MonsterInLawHM,q1,3.7979457864925497,0.0211570582762724,18,H
663,19073_34_monster,R_736WB2AI1nSsrpE,1,Male,Other,Several,Many,3,5,3,Female,19073,MonsterInLawHM,q1,3.7979457864925497,0.0211570582762724,18,H
664,19073_34_monster,R_2QbC7dJbe7JRo3w,1,Male,Asian (South),Many,Many,3,3,5,Female,19073,MonsterInLawHM,q1,3.7979457864925497,0.0211570582762724,18,H
665,44969_83_pirates,R_8R84UkPSkyaXRcF,0,Female,Western (European),Several,Several,3,6,6,Male,44969,PiratesOfCaribbeanHM,q4,17.615308112483522,0.1086389652486671,349,H
666,44969_83_pirates,R_2v7DVMyt00Hy9CT,0,Male,Western (European),A few,A few,3,3,2,Male,44969,PiratesOfCaribbeanHM,q4,17.615308112483522,0.1086389652486671,349,H
667,44969_83_pirates,R_5an1SE9dNlygUwC,0,Female,Middle-eastern,A few,Several,3,3,4,Male,44969,PiratesOfCaribbeanHM,q4,17.615308112483522,0.1086389652486671,349,H
668,44969_83_pirates,R_736WB2AI1nSsrpE,1,Male,Other,Several,Many,3,5,5,Male,44969,PiratesOfCaribbeanHM,q4,17.615308112483522,0.1086389652486671,349,H
669,44969_83_pirates,R_2QbC7dJbe7JRo3w,1,Male,Asian (South),Many,Many,3,4,5,Male,44969,PiratesOfCaribbeanHM,q4,17.615308112483522,0.1086389652486671,349,H
670,61953_147_newyork,R_8R84UkPSkyaXRcF,0,Female,Western (European),Several,Several,3,5,3,Male,61953,SynecdocheAM,q4,12.977690676816938,0.0777946955560028,61,A
671,61953_147_newyork,R_2v7DVMyt00Hy9CT,0,Male,Western (European),A few,A few,3,3,2,Male,61953,SynecdocheAM,q4,12.977690676816938,0.0777946955560028,61,A
672,61953_147_newyork,R_5an1SE9dNlygUwC,0,Female,Middle-eastern,A few,Several,3,2,2,Male,61953,SynecdocheAM,q4,12.977690676816938,0.0777946955560028,61,A
673,61953_147_newyork,R_736WB2AI1nSsrpE,1,Male,Other,Several,Many,3,4,6,Male,61953,SynecdocheAM,q4,12.977690676816938,0.0777946955560028,61,A
674,61953_147_newyork,R_2QbC7dJbe7JRo3w,1,Male,Asian (South),Many,Many,3,2,5,Male,61953,SynecdocheAM,q4,12.977690676816938,0.0777946955560028,61,A
675,113513_195_spider,R_8R84UkPSkyaXRcF,0,Female,Western (European),Several,Several,3,3,2,Male,113513,SpiderAM,q2,7.198742850445116,0.0408417110622938,95,A
676,113513_195_spider,R_2v7DVMyt00Hy9CT,0,Male,Western (European),A few,A few,3,2,3,Male,113513,SpiderAM,q2,7.198742850445116,0.0408417110622938,95,A
677,113513_195_spider,R_5an1SE9dNlygUwC,0,Female,Middle-eastern,A few,Several,3,1,1,Male,113513,SpiderAM,q2,7.198742850445116,0.0408417110622938,95,A
678,113513_195_spider,R_736WB2AI1nSsrpE,1,Male,Other,Several,Many,3,6,2,Male,113513,SpiderAM,q2,7.198742850445116,0.0408417110622938,95,A
679,113513_195_spider,R_2QbC7dJbe7JRo3w,1,Male,Asian (South),Many,Many,3,3,1,Male,113513,SpiderAM,q2,7.198742850445116,0.0408417110622938,95,A
680,44785_131_copy,R_8R84UkPSkyaXRcF,0,Female,Western (European),Several,Several,3,7,4,Female,44785,CertifiedCopyAM,q3,9.441304493683512,0.0590814411454456,55,A
681,44785_131_copy,R_2v7DVMyt00Hy9CT,0,Male,Western (European),A few,A few,3,5,1,Female,44785,CertifiedCopyAM,q3,9.441304493683512,0.0590814411454456,55,A
682,44785_131_copy,R_5an1SE9dNlygUwC,0,Female,Middle-eastern,A few,Several,3,5,2,Female,44785,CertifiedCopyAM,q3,9.441304493683512,0.0590814411454456,55,A
683,44785_131_copy,R_736WB2AI1nSsrpE,1,Male,Other,Several,Many,3,7,2,Female,44785,CertifiedCopyAM,q3,9.441304493683512,0.0590814411454456,55,A
684,44785_131_copy,R_2QbC7dJbe7JRo3w,1,Male,Asian (South),Many,Many,3,3,2,Female,44785,CertifiedCopyAM,q3,9.441304493683512,0.0590814411454456,55,A
685,18753_33_monster,R_8R84UkPSkyaXRcF,0,Female,Western (European),Several,Several,3,4,7,Female,18753,MonsterInLawHM,q2,5.816576686556339,0.0324628082454638,17,H
686,18753_33_monster,R_2v7DVMyt00Hy9CT,0,Male,Western (European),A few,A few,3,3,2,Female,18753,MonsterInLawHM,q2,5.816576686556339,0.0324628082454638,17,H
687,18753_33_monster,R_5an1SE9dNlygUwC,0,Female,Middle-eastern,A few,Several,3,3,4,Female,18753,MonsterInLawHM,q2,5.816576686556339,0.0324628082454638,17,H
688,18753_33_monster,R_736WB2AI1nSsrpE,1,Male,Other,Several,Many,3,5,5,Female,18753,MonsterInLawHM,q2,5.816576686556339,0.0324628082454638,17,H
689,18753_33_monster,R_2QbC7dJbe7JRo3w,1,Male,Asian (South),Many,Many,3,3,5,Female,18753,MonsterInLawHM,q2,5.816576686556339,0.0324628082454638,17,H
690,86305_155_spider,R_8R84UkPSkyaXRcF,0,Female,Western (European),Several,Several,3,3,3,Male,86305,SpiderAM,q2,7.539220244919953,0.0438640158923851,73,A
691,86305_155_spider,R_2v7DVMyt00Hy9CT,0,Male,Western (European),A few,A few,3,3,2,Male,86305,SpiderAM,q2,7.539220244919953,0.0438640158923851,73,A
692,86305_155_spider,R_5an1SE9dNlygUwC,0,Female,Middle-eastern,A few,Several,3,3,3,Male,86305,SpiderAM,q2,7.539220244919953,0.0438640158923851,73,A
693,86305_155_spider,R_736WB2AI1nSsrpE,1,Male,Other,Several,Many,3,1,1,I cannot tell,86305,SpiderAM,q2,7.539220244919953,0.0438640158923851,73,A
694,86305_155_spider,R_2QbC7dJbe7JRo3w,1,Male,Asian (South),Many,Many,3,2,3,Male,86305,SpiderAM,q2,7.539220244919953,0.0438640158923851,73,A
695,28129_27_fast,R_8R84UkPSkyaXRcF,0,Female,Western (European),Several,Several,3,4,2,Male,28129,FastAndFuriousHM,q4,14.428605244534728,0.1033187213601338,232,H
696,28129_27_fast,R_2v7DVMyt00Hy9CT,0,Male,Western (European),A few,A few,3,2,1,Male,28129,FastAndFuriousHM,q4,14.428605244534728,0.1033187213601338,232,H
697,28129_27_fast,R_5an1SE9dNlygUwC,0,Female,Middle-eastern,A few,Several,3,1,1,Male,28129,FastAndFuriousHM,q4,14.428605244534728,0.1033187213601338,232,H
698,28129_27_fast,R_736WB2AI1nSsrpE,1,Male,Other,Several,Many,3,6,1,Male,28129,FastAndFuriousHM,q4,14.428605244534728,0.1033187213601338,232,H
699,28129_27_fast,R_2QbC7dJbe7JRo3w,1,Male,Asian (South),Many,Many,3,2,1,Male,28129,FastAndFuriousHM,q4,14.428605244534728,0.1033187213601338,232,H
700,38553_75_monster,R_8R84UkPSkyaXRcF,0,Female,Western (European),Several,Several,3,5,2,Male,38553,MonsterInLawHM,q4,11.744437117033115,0.0692245806841139,45,H
701,38553_75_monster,R_2v7DVMyt00Hy9CT,0,Male,Western (European),A few,A few,3,3,2,Male,38553,MonsterInLawHM,q4,11.744437117033115,0.0692245806841139,45,H
702,38553_75_monster,R_5an1SE9dNlygUwC,0,Female,Middle-eastern,A few,Several,3,2,3,Male,38553,MonsterInLawHM,q4,11.744437117033115,0.0692245806841139,45,H
703,38553_75_monster,R_736WB2AI1nSsrpE,1,Male,Other,Several,Many,3,4,2,Male,38553,MonsterInLawHM,q4,11.744437117033115,0.0692245806841139,45,H
704,38553_75_monster,R_2QbC7dJbe7JRo3w,1,Male,Asian (South),Many,Many,3,1,2,Male,38553,MonsterInLawHM,q4,11.744437117033115,0.0692245806841139,45,H
705,56197_110_monster,R_8R84UkPSkyaXRcF,0,Female,Western (European),Several,Several,3,4,5,Female,56197,MonsterInLawHM,q1,4.886535723040214,0.0269404166847133,69,H
706,56197_110_monster,R_2v7DVMyt00Hy9CT,0,Male,Western (European),A few,A few,3,3,1,Female,56197,MonsterInLawHM,q1,4.886535723040214,0.0269404166847133,69,H
707,56197_110_monster,R_5an1SE9dNlygUwC,0,Female,Middle-eastern,A few,Several,3,2,4,Female,56197,MonsterInLawHM,q1,4.886535723040214,0.0269404166847133,69,H
708,56197_110_monster,R_736WB2AI1nSsrpE,1,Male,Other,Several,Many,3,5,4,Female,56197,MonsterInLawHM,q1,4.886535723040214,0.0269404166847133,69,H
709,56197_110_monster,R_2QbC7dJbe7JRo3w,1,Male,Asian (South),Many,Many,3,5,5,Female,56197,MonsterInLawHM,q1,4.886535723040214,0.0269404166847133,69,H
710,53969_107_allornothing,R_8R84UkPSkyaXRcF,0,Female,Western (European),Several,Several,3,5,3,Male,53969,AllOrNothingAM,q2,6.427190258304582,0.0375616327049129,32,A
711,53969_107_allornothing,R_2v7DVMyt00Hy9CT,0,Male,Western (European),A few,A few,3,4,2,Male,53969,AllOrNothingAM,q2,6.427190258304582,0.0375616327049129,32,A
712,53969_107_allornothing,R_5an1SE9dNlygUwC,0,Female,Middle-eastern,A few,Several,3,3,2,Male,53969,AllOrNothingAM,q2,6.427190258304582,0.0375616327049129,32,A
713,53969_107_allornothing,R_736WB2AI1nSsrpE,1,Male,Other,Several,Many,3,2,1,Male,53969,AllOrNothingAM,q2,6.427190258304582,0.0375616327049129,32,A
714,53969_107_allornothing,R_2QbC7dJbe7JRo3w,1,Male,Asian (South),Many,Many,3,3,2,Male,53969,AllOrNothingAM,q2,6.427190258304582,0.0375616327049129,32,A
715,29977_61_monster,R_8R84UkPSkyaXRcF,0,Female,Western (European),Several,Several,3,5,6,Female,29977,MonsterInLawHM,q3,9.957572861821312,0.0565661784845038,34,H
716,29977_61_monster,R_2v7DVMyt00Hy9CT,0,Male,Western (European),A few,A few,3,5,2,Female,29977,MonsterInLawHM,q3,9.957572861821312,0.0565661784845038,34,H
717,29977_61_monster,R_5an1SE9dNlygUwC,0,Female,Middle-eastern,A few,Several,3,2,2,Female,29977,MonsterInLawHM,q3,9.957572861821312,0.0565661784845038,34,H
718,29977_61_monster,R_736WB2AI1nSsrpE,1,Male,Other,Several,Many,3,6,2,Female,29977,MonsterInLawHM,q3,9.957572861821312,0.0565661784845038,34,H
719,29977_61_monster,R_2QbC7dJbe7JRo3w,1,Male,Asian (South),Many,Many,3,4,4,Female,29977,MonsterInLawHM,q3,9.957572861821312,0.0565661784845038,34,H
720,79212_184_allornothing,R_8R84UkPSkyaXRcF,0,Female,Western (European),Several,Several,3,6,2,Male,79212,AllOrNothingAM,q2,7.249462026425939,0.0414457950576868,61,A
721,79212_184_allornothing,R_2v7DVMyt00Hy9CT,0,Male,Western (European),A few,A few,3,4,2,Male,79212,AllOrNothingAM,q2,7.249462026425939,0.0414457950576868,61,A
722,79212_184_allornothing,R_5an1SE9dNlygUwC,0,Female,Middle-eastern,A few,Several,3,2,4,Male,79212,AllOrNothingAM,q2,7.249462026425939,0.0414457950576868,61,A
723,79212_184_allornothing,R_736WB2AI1nSsrpE,1,Male,Other,Several,Many,3,3,2,Male,79212,AllOrNothingAM,q2,7.249462026425939,0.0414457950576868,61,A
724,79212_184_allornothing,R_2QbC7dJbe7JRo3w,1,Male,Asian (South),Many,Many,3,3,3,Male,79212,AllOrNothingAM,q2,7.249462026425939,0.0414457950576868,61,A
725,97913_184_dark_batman,R_8R84UkPSkyaXRcF,0,Female,Western (European),Several,Several,3,3,1,Male,97913,TheDarkKnightHM,q3,10.46488052792587,0.0661168906553638,56,H
726,97913_184_dark_batman,R_2v7DVMyt00Hy9CT,0,Male,Western (European),A few,A few,3,1,1,Male,97913,TheDarkKnightHM,q3,10.46488052792587,0.0661168906553638,56,H
727,97913_184_dark_batman,R_5an1SE9dNlygUwC,0,Female,Middle-eastern,A few,Several,3,3,1,Male,97913,TheDarkKnightHM,q3,10.46488052792587,0.0661168906553638,56,H
728,97913_184_dark_batman,R_736WB2AI1nSsrpE,1,Male,Other,Several,Many,3,6,2,Male,97913,TheDarkKnightHM,q3,10.46488052792587,0.0661168906553638,56,H
729,97913_184_dark_batman,R_2QbC7dJbe7JRo3w,1,Male,Asian (South),Many,Many,3,5,2,Male,97913,TheDarkKnightHM,q3,10.46488052792587,0.0661168906553638,56,H
730,31516_64_allornothing,R_8R84UkPSkyaXRcF,0,Female,Western (European),Several,Several,3,4,6,Female,31516,AllOrNothingAM,q2,6.796334202727989,0.0379074773675899,18,A
731,31516_64_allornothing,R_2v7DVMyt00Hy9CT,0,Male,Western (European),A few,A few,3,3,2,Female,31516,AllOrNothingAM,q2,6.796334202727989,0.0379074773675899,18,A
732,31516_64_allornothing,R_5an1SE9dNlygUwC,0,Female,Middle-eastern,A few,Several,3,3,2,Female,31516,AllOrNothingAM,q2,6.796334202727989,0.0379074773675899,18,A
733,31516_64_allornothing,R_736WB2AI1nSsrpE,1,Male,Other,Several,Many,3,6,3,Female,31516,AllOrNothingAM,q2,6.796334202727989,0.0379074773675899,18,A
734,31516_64_allornothing,R_2QbC7dJbe7JRo3w,1,Male,Asian (South),Many,Many,3,3,4,Female,31516,AllOrNothingAM,q2,6.796334202727989,0.0379074773675899,18,A
735,143589_335_click,R_8R84UkPSkyaXRcF,0,Female,Western (European),Several,Several,3,4,2,Male,143589,ClickHM,q4,8.810018536019392,0.0518509366291782,604,H
736,143589_335_click,R_2v7DVMyt00Hy9CT,0,Male,Western (European),A few,A few,3,4,3,Female,143589,ClickHM,q4,8.810018536019392,0.0518509366291782,604,H
737,143589_335_click,R_5an1SE9dNlygUwC,0,Female,Middle-eastern,A few,Several,3,4,4,Female,143589,ClickHM,q4,8.810018536019392,0.0518509366291782,604,H
738,143589_335_click,R_736WB2AI1nSsrpE,1,Male,Other,Several,Many,3,6,2,Female,143589,ClickHM,q4,8.810018536019392,0.0518509366291782,604,H
739,143589_335_click,R_2QbC7dJbe7JRo3w,1,Male,Asian (South),Many,Many,3,3,2,Female,143589,ClickHM,q4,8.810018536019392,0.0518509366291782,604,H
740,137007_245_dark_batman,R_8R84UkPSkyaXRcF,0,Female,Western (European),Several,Several,3,6,4,Female,137007,TheDarkKnightHM,q4,12.776232538562589,0.0752781296402783,79,H
741,137007_245_dark_batman,R_2v7DVMyt00Hy9CT,0,Male,Western (European),A few,A few,3,5,2,Female,137007,TheDarkKnightHM,q4,12.776232538562589,0.0752781296402783,79,H
742,137007_245_dark_batman,R_5an1SE9dNlygUwC,0,Female,Middle-eastern,A few,Several,3,5,3,Female,137007,TheDarkKnightHM,q4,12.776232538562589,0.0752781296402783,79,H
743,137007_245_dark_batman,R_736WB2AI1nSsrpE,1,Male,Other,Several,Many,3,6,4,Female,137007,TheDarkKnightHM,q4,12.776232538562589,0.0752781296402783,79,H
744,137007_245_dark_batman,R_2QbC7dJbe7JRo3w,1,Male,Asian (South),Many,Many,3,2,3,Female,137007,TheDarkKnightHM,q4,12.776232538562589,0.0752781296402783,79,H
745,146308_224_pirates,R_8R84UkPSkyaXRcF,0,Female,Western (European),Several,Several,3,4,5,Male,146308,PiratesOfCaribbeanHM,q3,9.528128027079314,0.0556690806278436,290,H
746,146308_224_pirates,R_2v7DVMyt00Hy9CT,0,Male,Western (European),A few,A few,3,1,2,Male,146308,PiratesOfCaribbeanHM,q3,9.528128027079314,0.0556690806278436,290,H
747,146308_224_pirates,R_5an1SE9dNlygUwC,0,Female,Middle-eastern,A few,Several,3,3,3,Male,146308,PiratesOfCaribbeanHM,q3,9.528128027079314,0.0556690806278436,290,H
748,146308_224_pirates,R_736WB2AI1nSsrpE,1,Male,Other,Several,Many,3,5,3,Male,146308,PiratesOfCaribbeanHM,q3,9.528128027079314,0.0556690806278436,290,H
749,146308_224_pirates,R_2QbC7dJbe7JRo3w,1,Male,Asian (South),Many,Many,3,2,2,Male,146308,PiratesOfCaribbeanHM,q3,9.528128027079314,0.0556690806278436,290,H
750,90961_142_bright,R_8R84UkPSkyaXRcF,0,Female,Western (European),Several,Several,3,3,2,Female,90961,BrightStarAM,q1,2.672991573508445,0.0144753596633769,59,A
751,90961_142_bright,R_2v7DVMyt00Hy9CT,0,Male,Western (European),A few,A few,3,2,3,Female,90961,BrightStarAM,q1,2.672991573508445,0.0144753596633769,59,A
752,90961_142_bright,R_5an1SE9dNlygUwC,0,Female,Middle-eastern,A few,Several,3,4,3,Female,90961,BrightStarAM,q1,2.672991573508445,0.0144753596633769,59,A
753,90961_142_bright,R_736WB2AI1nSsrpE,1,Male,Other,Several,Many,3,3,2,Female,90961,BrightStarAM,q1,2.672991573508445,0.0144753596633769,59,A
754,90961_142_bright,R_2QbC7dJbe7JRo3w,1,Male,Asian (South),Many,Many,3,2,2,Female,90961,BrightStarAM,q1,2.672991573508445,0.0144753596633769,59,A
755,97650_183_dark_batman,R_8R84UkPSkyaXRcF,0,Female,Western (European),Several,Several,3,4,1,Male,97650,TheDarkKnightHM,q3,9.670667447387068,0.0586808505443145,55,H
756,97650_183_dark_batman,R_2v7DVMyt00Hy9CT,0,Male,Western (European),A few,A few,3,1,1,Male,97650,TheDarkKnightHM,q3,9.670667447387068,0.0586808505443145,55,H
757,97650_183_dark_batman,R_5an1SE9dNlygUwC,0,Female,Middle-eastern,A few,Several,3,3,1,Male,97650,TheDarkKnightHM,q3,9.670667447387068,0.0586808505443145,55,H
758,97650_183_dark_batman,R_736WB2AI1nSsrpE,1,Male,Other,Several,Many,3,6,2,Male,97650,TheDarkKnightHM,q3,9.670667447387068,0.0586808505443145,55,H
759,97650_183_dark_batman,R_2QbC7dJbe7JRo3w,1,Male,Asian (South),Many,Many,3,2,2,Male,97650,TheDarkKnightHM,q3,9.670667447387068,0.0586808505443145,55,H
760,80697_137_pirates,R_8R84UkPSkyaXRcF,0,Female,Western (European),Several,Several,3,4,4,Male,80697,PiratesOfCaribbeanHM,q2,6.398490498233881,0.0354666795732805,315,H
761,80697_137_pirates,R_2v7DVMyt00Hy9CT,0,Male,Western (European),A few,A few,3,5,2,Male,80697,PiratesOfCaribbeanHM,q2,6.398490498233881,0.0354666795732805,315,H
762,80697_137_pirates,R_5an1SE9dNlygUwC,0,Female,Middle-eastern,A few,Several,3,2,2,Male,80697,PiratesOfCaribbeanHM,q2,6.398490498233881,0.0354666795732805,315,H
763,80697_137_pirates,R_736WB2AI1nSsrpE,1,Male,Other,Several,Many,3,3,2,Male,80697,PiratesOfCaribbeanHM,q2,6.398490498233881,0.0354666795732805,315,H
764,80697_137_pirates,R_2QbC7dJbe7JRo3w,1,Male,Asian (South),Many,Many,3,2,2,Male,80697,PiratesOfCaribbeanHM,q2,6.398490498233881,0.0354666795732805,315,H
765,128074_261_monster,R_8R84UkPSkyaXRcF,0,Female,Western (European),Several,Several,3,7,3,Female,128074,MonsterInLawHM,q2,7.038850039790514,0.0413953793813844,132,H
766,128074_261_monster,R_2v7DVMyt00Hy9CT,0,Male,Western (European),A few,A few,3,4,3,Female,128074,MonsterInLawHM,q2,7.038850039790514,0.0413953793813844,132,H
767,128074_261_monster,R_5an1SE9dNlygUwC,0,Female,Middle-eastern,A few,Several,3,4,4,Female,128074,MonsterInLawHM,q2,7.038850039790514,0.0413953793813844,132,H
768,128074_261_monster,R_736WB2AI1nSsrpE,1,Male,Other,Several,Many,3,6,4,Female,128074,MonsterInLawHM,q2,7.038850039790514,0.0413953793813844,132,H
769,128074_261_monster,R_2QbC7dJbe7JRo3w,1,Male,Asian (South),Many,Many,3,3,5,Female,128074,MonsterInLawHM,q2,7.038850039790514,0.0413953793813844,132,H
770,50489_111_newyork,R_2zq39VWcm9pNTsU,0,Female,Western (European),Several,Many,4,4,1,Male,50489,SynecdocheAM,q3,9.889571816126892,0.0573096306460213,42,A
771,50489_111_newyork,R_4fiPCNY7cb1wNAA,0,Female,Western (European),A few,A few,4,2,2,Male,50489,SynecdocheAM,q3,9.889571816126892,0.0573096306460213,42,A
772,50489_111_newyork,R_5dVOtZ78r5p3nI2,0,Female,Western (European),A few,A few,4,5,3,Male,50489,SynecdocheAM,q3,9.889571816126892,0.0573096306460213,42,A
773,50489_111_newyork,R_2A9xC0fDtng5UAN,1,Male,Western (European),Several,Many,4,4,3,Male,50489,SynecdocheAM,q3,9.889571816126892,0.0573096306460213,42,A
774,50489_111_newyork,R_7GE75IOJRVNETxT,1,Male,Western (European),Many,Many,4,3,3,Male,50489,SynecdocheAM,q3,9.889571816126892,0.0573096306460213,42,A
775,185177_466_allornothing,R_2zq39VWcm9pNTsU,0,Female,Western (European),Several,Many,4,3,1,Male,185177,AllOrNothingAM,q3,10.45894368990176,0.060965946539403,220,A
776,185177_466_allornothing,R_4fiPCNY7cb1wNAA,0,Female,Western (European),A few,A few,4,1,1,Male,185177,AllOrNothingAM,q3,10.45894368990176,0.060965946539403,220,A
777,185177_466_allornothing,R_5dVOtZ78r5p3nI2,0,Female,Western (European),A few,A few,4,2,1,Male,185177,AllOrNothingAM,q3,10.45894368990176,0.060965946539403,220,A
778,185177_466_allornothing,R_2A9xC0fDtng5UAN,1,Male,Western (European),Several,Many,4,5,2,Male,185177,AllOrNothingAM,q3,10.45894368990176,0.060965946539403,220,A
779,185177_466_allornothing,R_7GE75IOJRVNETxT,1,Male,Western (European),Many,Many,4,1,1,Male,185177,AllOrNothingAM,q3,10.45894368990176,0.060965946539403,220,A
780,100449_162_bright,R_2zq39VWcm9pNTsU,0,Female,Western (European),Several,Many,4,2,1,Female,100449,BrightStarAM,q4,15.780117691478562,0.0962260534735129,64,A
781,100449_162_bright,R_4fiPCNY7cb1wNAA,0,Female,Western (European),A few,A few,4,3,2,Female,100449,BrightStarAM,q4,15.780117691478562,0.0962260534735129,64,A
782,100449_162_bright,R_5dVOtZ78r5p3nI2,0,Female,Western (European),A few,A few,4,2,1,Female,100449,BrightStarAM,q4,15.780117691478562,0.0962260534735129,64,A
783,100449_162_bright,R_2A9xC0fDtng5UAN,1,Male,Western (European),Several,Many,4,4,1,Female,100449,BrightStarAM,q4,15.780117691478562,0.0962260534735129,64,A
784,100449_162_bright,R_7GE75IOJRVNETxT,1,Male,Western (European),Many,Many,4,1,1,Female,100449,BrightStarAM,q4,15.780117691478562,0.0962260534735129,64,A
785,121333_134_fast,R_2zq39VWcm9pNTsU,0,Female,Western (European),Several,Many,4,2,1,Female,121333,FastAndFuriousHM,q1,3.912404315761601,0.0223236570082116,225,H
786,121333_134_fast,R_4fiPCNY7cb1wNAA,0,Female,Western (European),A few,A few,4,5,2,Female,121333,FastAndFuriousHM,q1,3.912404315761601,0.0223236570082116,225,H
787,121333_134_fast,R_5dVOtZ78r5p3nI2,0,Female,Western (European),A few,A few,4,3,2,Female,121333,FastAndFuriousHM,q1,3.912404315761601,0.0223236570082116,225,H
788,121333_134_fast,R_2A9xC0fDtng5UAN,1,Male,Western (European),Several,Many,4,4,4,Female,121333,FastAndFuriousHM,q1,3.912404315761601,0.0223236570082116,225,H
789,121333_134_fast,R_7GE75IOJRVNETxT,1,Male,Western (European),Many,Many,4,3,3,Female,121333,FastAndFuriousHM,q1,3.912404315761601,0.0223236570082116,225,H
790,55034_45_kvant,R_2zq39VWcm9pNTsU,0,Female,Western (European),Several,Many,4,2,2,Male,55034,QuantumOfSolaceHM,q2,6.442607742310689,0.0384582268805496,23,H
791,55034_45_kvant,R_4fiPCNY7cb1wNAA,0,Female,Western (European),A few,A few,4,4,6,Male,55034,QuantumOfSolaceHM,q2,6.442607742310689,0.0384582268805496,23,H
792,55034_45_kvant,R_5dVOtZ78r5p3nI2,0,Female,Western (European),A few,A few,4,4,3,Male,55034,QuantumOfSolaceHM,q2,6.442607742310689,0.0384582268805496,23,H
793,55034_45_kvant,R_2A9xC0fDtng5UAN,1,Male,Western (European),Several,Many,4,3,3,I cannot tell,55034,QuantumOfSolaceHM,q2,6.442607742310689,0.0384582268805496,23,H
794,55034_45_kvant,R_7GE75IOJRVNETxT,1,Male,Western (European),Many,Many,4,2,2,Male,55034,QuantumOfSolaceHM,q2,6.442607742310689,0.0384582268805496,23,H
795,64710_109_bright,R_2zq39VWcm9pNTsU,0,Female,Western (European),Several,Many,4,2,1,Male,64710,BrightStarAM,q2,5.865086061851904,0.0336047160494543,49,A
796,64710_109_bright,R_4fiPCNY7cb1wNAA,0,Female,Western (European),A few,A few,4,3,4,Male,64710,BrightStarAM,q2,5.865086061851904,0.0336047160494543,49,A
797,64710_109_bright,R_5dVOtZ78r5p3nI2,0,Female,Western (European),A few,A few,4,3,2,Male,64710,BrightStarAM,q2,5.865086061851904,0.0336047160494543,49,A
798,64710_109_bright,R_2A9xC0fDtng5UAN,1,Male,Western (European),Several,Many,4,3,1,Male,64710,BrightStarAM,q2,5.865086061851904,0.0336047160494543,49,A
799,64710_109_bright,R_7GE75IOJRVNETxT,1,Male,Western (European),Many,Many,4,1,1,Male,64710,BrightStarAM,q2,5.865086061851904,0.0336047160494543,49,A
800,89585_204_click,R_2zq39VWcm9pNTsU,0,Female,Western (European),Several,Many,4,5,4,Female,89585,ClickHM,q1,7.30429185982637,0.0471374527190079,352,H
801,89585_204_click,R_4fiPCNY7cb1wNAA,0,Female,Western (European),A few,A few,4,2,3,Female,89585,ClickHM,q1,7.30429185982637,0.0471374527190079,352,H
802,89585_204_click,R_5dVOtZ78r5p3nI2,0,Female,Western (European),A few,A few,4,2,3,Female,89585,ClickHM,q1,7.30429185982637,0.0471374527190079,352,H
803,89585_204_click,R_2A9xC0fDtng5UAN,1,Male,Western (European),Several,Many,4,6,4,Female,89585,ClickHM,q1,7.30429185982637,0.0471374527190079,352,H
804,89585_204_click,R_7GE75IOJRVNETxT,1,Male,Western (European),Many,Many,4,3,2,Female,89585,ClickHM,q1,7.30429185982637,0.0471374527190079,352,H
805,133209_237_dark_batman,R_2zq39VWcm9pNTsU,0,Female,Western (European),Several,Many,4,5,1,Female,133209,TheDarkKnightHM,q4,11.487446957862868,0.0670048535026034,75,H
806,133209_237_dark_batman,R_4fiPCNY7cb1wNAA,0,Female,Western (European),A few,A few,4,4,4,Female,133209,TheDarkKnightHM,q4,11.487446957862868,0.0670048535026034,75,H
807,133209_237_dark_batman,R_5dVOtZ78r5p3nI2,0,Female,Western (European),A few,A few,4,7,2,Female,133209,TheDarkKnightHM,q4,11.487446957862868,0.0670048535026034,75,H
808,133209_237_dark_batman,R_2A9xC0fDtng5UAN,1,Male,Western (European),Several,Many,4,6,3,Female,133209,TheDarkKnightHM,q4,11.487446957862868,0.0670048535026034,75,H
809,133209_237_dark_batman,R_7GE75IOJRVNETxT,1,Male,Western (European),Many,Many,4,5,6,Female,133209,TheDarkKnightHM,q4,11.487446957862868,0.0670048535026034,75,H
810,43837_52_fast,R_2zq39VWcm9pNTsU,0,Female,Western (European),Several,Many,4,3,1,Male,43837,FastAndFuriousHM,q1,4.4338082681302255,0.0251061008662824,256,H
811,43837_52_fast,R_4fiPCNY7cb1wNAA,0,Female,Western (European),A few,A few,4,3,3,Male,43837,FastAndFuriousHM,q1,4.4338082681302255,0.0251061008662824,256,H
812,43837_52_fast,R_5dVOtZ78r5p3nI2,0,Female,Western (European),A few,A few,4,4,2,Male,43837,FastAndFuriousHM,q1,4.4338082681302255,0.0251061008662824,256,H
813,43837_52_fast,R_2A9xC0fDtng5UAN,1,Male,Western (European),Several,Many,4,6,2,Male,43837,FastAndFuriousHM,q1,4.4338082681302255,0.0251061008662824,256,H
814,43837_52_fast,R_7GE75IOJRVNETxT,1,Male,Western (European),Many,Many,4,3,2,Male,43837,FastAndFuriousHM,q1,4.4338082681302255,0.0251061008662824,256,H
815,21818_36_click,R_2zq39VWcm9pNTsU,0,Female,Western (European),Several,Many,4,2,1,Male,21818,ClickHM,q2,8.001650313097864,0.0471699035906131,36,H
816,21818_36_click,R_4fiPCNY7cb1wNAA,0,Female,Western (European),A few,A few,4,3,4,Male,21818,ClickHM,q2,8.001650313097864,0.0471699035906131,36,H
817,21818_36_click,R_5dVOtZ78r5p3nI2,0,Female,Western (European),A few,A few,4,3,1,Male,21818,ClickHM,q2,8.001650313097864,0.0471699035906131,36,H
818,21818_36_click,R_2A9xC0fDtng5UAN,1,Male,Western (European),Several,Many,4,2,3,Male,21818,ClickHM,q2,8.001650313097864,0.0471699035906131,36,H
819,21818_36_click,R_7GE75IOJRVNETxT,1,Male,Western (European),Many,Many,4,3,3,Male,21818,ClickHM,q2,8.001650313097864,0.0471699035906131,36,H
820,29945_61_pirates,R_2zq39VWcm9pNTsU,0,Female,Western (European),Several,Many,4,3,3,Male,29945,PiratesOfCaribbeanHM,q3,10.085955720519504,0.0586820241890898,351,H
821,29945_61_pirates,R_4fiPCNY7cb1wNAA,0,Female,Western (European),A few,A few,4,3,4,Male,29945,PiratesOfCaribbeanHM,q3,10.085955720519504,0.0586820241890898,351,H
822,29945_61_pirates,R_5dVOtZ78r5p3nI2,0,Female,Western (European),A few,A few,4,5,6,Male,29945,PiratesOfCaribbeanHM,q3,10.085955720519504,0.0586820241890898,351,H
823,29945_61_pirates,R_2A9xC0fDtng5UAN,1,Male,Western (European),Several,Many,4,4,7,Male,29945,PiratesOfCaribbeanHM,q3,10.085955720519504,0.0586820241890898,351,H
824,29945_61_pirates,R_7GE75IOJRVNETxT,1,Male,Western (European),Many,Many,4,4,4,Male,29945,PiratesOfCaribbeanHM,q3,10.085955720519504,0.0586820241890898,351,H
825,155008_267_dark_batman,R_2zq39VWcm9pNTsU,0,Female,Western (European),Several,Many,4,1,3,Male,155008,TheDarkKnightHM,q4,19.09464581920196,0.1211657339345045,91,H
826,155008_267_dark_batman,R_4fiPCNY7cb1wNAA,0,Female,Western (European),A few,A few,4,4,6,Male,155008,TheDarkKnightHM,q4,19.09464581920196,0.1211657339345045,91,H
827,155008_267_dark_batman,R_5dVOtZ78r5p3nI2,0,Female,Western (European),A few,A few,4,5,6,Male,155008,TheDarkKnightHM,q4,19.09464581920196,0.1211657339345045,91,H
828,155008_267_dark_batman,R_2A9xC0fDtng5UAN,1,Male,Western (European),Several,Many,4,5,5,I cannot tell,155008,TheDarkKnightHM,q4,19.09464581920196,0.1211657339345045,91,H
829,155008_267_dark_batman,R_7GE75IOJRVNETxT,1,Male,Western (European),Many,Many,4,6,6,Male,155008,TheDarkKnightHM,q4,19.09464581920196,0.1211657339345045,91,H
830,21937_37_click,R_2zq39VWcm9pNTsU,0,Female,Western (European),Several,Many,4,2,1,Male,21937,ClickHM,q3,8.954645190228371,0.0507863577237216,37,H
831,21937_37_click,R_4fiPCNY7cb1wNAA,0,Female,Western (European),A few,A few,4,3,1,Male,21937,ClickHM,q3,8.954645190228371,0.0507863577237216,37,H
832,21937_37_click,R_5dVOtZ78r5p3nI2,0,Female,Western (European),A few,A few,4,4,5,Male,21937,ClickHM,q3,8.954645190228371,0.0507863577237216,37,H
833,21937_37_click,R_2A9xC0fDtng5UAN,1,Male,Western (European),Several,Many,4,5,2,Male,21937,ClickHM,q3,8.954645190228371,0.0507863577237216,37,H
834,21937_37_click,R_7GE75IOJRVNETxT,1,Male,Western (European),Many,Many,4,3,3,Male,21937,ClickHM,q3,8.954645190228371,0.0507863577237216,37,H
835,151876_423_copy,R_2zq39VWcm9pNTsU,0,Female,Western (European),Several,Many,4,3,1,Male,151876,CertifiedCopyAM,q2,6.814540880976241,0.0384659830253951,150,A
836,151876_423_copy,R_4fiPCNY7cb1wNAA,0,Female,Western (European),A few,A few,4,3,3,Male,151876,CertifiedCopyAM,q2,6.814540880976241,0.0384659830253951,150,A
837,151876_423_copy,R_5dVOtZ78r5p3nI2,0,Female,Western (European),A few,A few,4,3,1,Male,151876,CertifiedCopyAM,q2,6.814540880976241,0.0384659830253951,150,A
838,151876_423_copy,R_2A9xC0fDtng5UAN,1,Male,Western (European),Several,Many,4,7,2,Male,151876,CertifiedCopyAM,q2,6.814540880976241,0.0384659830253951,150,A
839,151876_423_copy,R_7GE75IOJRVNETxT,1,Male,Western (European),Many,Many,4,1,1,Male,151876,CertifiedCopyAM,q2,6.814540880976241,0.0384659830253951,150,A
840,70926_193_copy,R_2zq39VWcm9pNTsU,0,Female,Western (European),Several,Many,4,3,2,Female,70926,CertifiedCopyAM,q2,6.871435283426093,0.039442566275922,83,A
841,70926_193_copy,R_4fiPCNY7cb1wNAA,0,Female,Western (European),A few,A few,4,2,3,Female,70926,CertifiedCopyAM,q2,6.871435283426093,0.039442566275922,83,A
842,70926_193_copy,R_5dVOtZ78r5p3nI2,0,Female,Western (European),A few,A few,4,4,4,Female,70926,CertifiedCopyAM,q2,6.871435283426093,0.039442566275922,83,A
843,70926_193_copy,R_2A9xC0fDtng5UAN,1,Male,Western (European),Several,Many,4,5,2,Female,70926,CertifiedCopyAM,q2,6.871435283426093,0.039442566275922,83,A
844,70926_193_copy,R_7GE75IOJRVNETxT,1,Male,Western (European),Many,Many,4,1,3,Female,70926,CertifiedCopyAM,q2,6.871435283426093,0.039442566275922,83,A
845,149569_262_dark_batman,R_2zq39VWcm9pNTsU,0,Female,Western (European),Several,Many,4,1,1,Male,149569,TheDarkKnightHM,q2,7.706807387299051,0.0439236508486963,88,H
846,149569_262_dark_batman,R_4fiPCNY7cb1wNAA,0,Female,Western (European),A few,A few,4,2,1,Male,149569,TheDarkKnightHM,q2,7.706807387299051,0.0439236508486963,88,H
847,149569_262_dark_batman,R_5dVOtZ78r5p3nI2,0,Female,Western (European),A few,A few,4,2,1,Male,149569,TheDarkKnightHM,q2,7.706807387299051,0.0439236508486963,88,H
848,149569_262_dark_batman,R_2A9xC0fDtng5UAN,1,Male,Western (European),Several,Many,4,4,2,Male,149569,TheDarkKnightHM,q2,7.706807387299051,0.0439236508486963,88,H
849,149569_262_dark_batman,R_7GE75IOJRVNETxT,1,Male,Western (European),Many,Many,4,5,3,Male,149569,TheDarkKnightHM,q2,7.706807387299051,0.0439236508486963,88,H
850,136313_313_allornothing,R_2zq39VWcm9pNTsU,0,Female,Western (European),Several,Many,4,2,1,Male,136313,AllOrNothingAM,q3,9.204144818554685,0.0550603475073157,136,A
851,136313_313_allornothing,R_4fiPCNY7cb1wNAA,0,Female,Western (European),A few,A few,4,5,1,Male,136313,AllOrNothingAM,q3,9.204144818554685,0.0550603475073157,136,A
852,136313_313_allornothing,R_5dVOtZ78r5p3nI2,0,Female,Western (European),A few,A few,4,4,1,Male,136313,AllOrNothingAM,q3,9.204144818554685,0.0550603475073157,136,A
853,136313_313_allornothing,R_2A9xC0fDtng5UAN,1,Male,Western (European),Several,Many,4,6,1,Male,136313,AllOrNothingAM,q3,9.204144818554685,0.0550603475073157,136,A
854,136313_313_allornothing,R_7GE75IOJRVNETxT,1,Male,Western (European),Many,Many,4,5,3,Male,136313,AllOrNothingAM,q3,9.204144818554685,0.0550603475073157,136,A
855,189697_313_dark_batman,R_2zq39VWcm9pNTsU,0,Female,Western (European),Several,Many,4,1,1,Male,189697,TheDarkKnightHM,q4,14.770232515439766,0.0910415455871121,109,H
856,189697_313_dark_batman,R_4fiPCNY7cb1wNAA,0,Female,Western (European),A few,A few,4,2,4,Male,189697,TheDarkKnightHM,q4,14.770232515439766,0.0910415455871121,109,H
857,189697_313_dark_batman,R_5dVOtZ78r5p3nI2,0,Female,Western (European),A few,A few,4,5,4,Male,189697,TheDarkKnightHM,q4,14.770232515439766,0.0910415455871121,109,H
858,189697_313_dark_batman,R_2A9xC0fDtng5UAN,1,Male,Western (European),Several,Many,4,6,5,Male,189697,TheDarkKnightHM,q4,14.770232515439766,0.0910415455871121,109,H
859,189697_313_dark_batman,R_7GE75IOJRVNETxT,1,Male,Western (European),Many,Many,4,4,6,Male,189697,TheDarkKnightHM,q4,14.770232515439766,0.0910415455871121,109,H
860,119265_132_fast,R_2zq39VWcm9pNTsU,0,Female,Western (European),Several,Many,4,2,1,Female,119265,FastAndFuriousHM,q4,11.277745676736457,0.0704637829219501,223,H
861,119265_132_fast,R_4fiPCNY7cb1wNAA,0,Female,Western (European),A few,A few,4,5,1,Female,119265,FastAndFuriousHM,q4,11.277745676736457,0.0704637829219501,223,H
862,119265_132_fast,R_5dVOtZ78r5p3nI2,0,Female,Western (European),A few,A few,4,3,2,Female,119265,FastAndFuriousHM,q4,11.277745676736457,0.0704637829219501,223,H
863,119265_132_fast,R_2A9xC0fDtng5UAN,1,Male,Western (European),Several,Many,4,7,2,Female,119265,FastAndFuriousHM,q4,11.277745676736457,0.0704637829219501,223,H
864,119265_132_fast,R_7GE75IOJRVNETxT,1,Male,Western (European),Many,Many,4,4,3,Female,119265,FastAndFuriousHM,q4,11.277745676736457,0.0704637829219501,223,H
865,191113_257_pirates,R_2zq39VWcm9pNTsU,0,Female,Western (European),Several,Many,4,2,1,Female,191113,PiratesOfCaribbeanHM,q3,8.203466869093848,0.0504171799188116,338,H
866,191113_257_pirates,R_4fiPCNY7cb1wNAA,0,Female,Western (European),A few,A few,4,4,2,Female,191113,PiratesOfCaribbeanHM,q3,8.203466869093848,0.0504171799188116,338,H
867,191113_257_pirates,R_5dVOtZ78r5p3nI2,0,Female,Western (European),A few,A few,4,2,1,Female,191113,PiratesOfCaribbeanHM,q3,8.203466869093848,0.0504171799188116,338,H
868,191113_257_pirates,R_2A9xC0fDtng5UAN,1,Male,Western (European),Several,Many,4,6,2,Female,191113,PiratesOfCaribbeanHM,q3,8.203466869093848,0.0504171799188116,338,H
869,191113_257_pirates,R_7GE75IOJRVNETxT,1,Male,Western (European),Many,Many,4,4,3,Female,191113,PiratesOfCaribbeanHM,q3,8.203466869093848,0.0504171799188116,338,H
870,109665_171_clean,R_2zq39VWcm9pNTsU,0,Female,Western (European),Several,Many,4,2,1,Male,109665,CleanAM,q2,7.264857260691251,0.0412720573762742,106,A
871,109665_171_clean,R_4fiPCNY7cb1wNAA,0,Female,Western (European),A few,A few,4,3,1,Male,109665,CleanAM,q2,7.264857260691251,0.0412720573762742,106,A
872,109665_171_clean,R_5dVOtZ78r5p3nI2,0,Female,Western (European),A few,A few,4,4,1,Male,109665,CleanAM,q2,7.264857260691251,0.0412720573762742,106,A
873,109665_171_clean,R_2A9xC0fDtng5UAN,1,Male,Western (European),Several,Many,4,3,3,Male,109665,CleanAM,q2,7.264857260691251,0.0412720573762742,106,A
874,109665_171_clean,R_7GE75IOJRVNETxT,1,Male,Western (European),Many,Many,4,3,2,Male,109665,CleanAM,q2,7.264857260691251,0.0412720573762742,106,A
875,171497_452_newyork,R_2zq39VWcm9pNTsU,0,Female,Western (European),Several,Many,4,2,1,Male,171497,SynecdocheAM,q3,9.135436486092416,0.0526206414418614,165,A
876,171497_452_newyork,R_4fiPCNY7cb1wNAA,0,Female,Western (European),A few,A few,4,2,1,Male,171497,SynecdocheAM,q3,9.135436486092416,0.0526206414418614,165,A
877,171497_452_newyork,R_5dVOtZ78r5p3nI2,0,Female,Western (European),A few,A few,4,1,1,Male,171497,SynecdocheAM,q3,9.135436486092416,0.0526206414418614,165,A
878,171497_452_newyork,R_2A9xC0fDtng5UAN,1,Male,Western (European),Several,Many,4,6,2,Male,171497,SynecdocheAM,q3,9.135436486092416,0.0526206414418614,165,A
879,171497_452_newyork,R_7GE75IOJRVNETxT,1,Male,Western (European),Many,Many,4,1,1,Male,171497,SynecdocheAM,q3,9.135436486092416,0.0526206414418614,165,A
880,100225_110_fast,R_2zq39VWcm9pNTsU,0,Female,Western (European),Several,Many,4,3,1,Female,100225,FastAndFuriousHM,q1,3.651533029532752,0.0202620084125217,193,H
881,100225_110_fast,R_4fiPCNY7cb1wNAA,0,Female,Western (European),A few,A few,4,5,1,Female,100225,FastAndFuriousHM,q1,3.651533029532752,0.0202620084125217,193,H
882,100225_110_fast,R_5dVOtZ78r5p3nI2,0,Female,Western (European),A few,A few,4,1,2,Female,100225,FastAndFuriousHM,q1,3.651533029532752,0.0202620084125217,193,H
883,100225_110_fast,R_2A9xC0fDtng5UAN,1,Male,Western (European),Several,Many,4,6,2,Female,100225,FastAndFuriousHM,q1,3.651533029532752,0.0202620084125217,193,H
884,100225_110_fast,R_7GE75IOJRVNETxT,1,Male,Western (European),Many,Many,4,3,1,Female,100225,FastAndFuriousHM,q1,3.651533029532752,0.0202620084125217,193,H
885,53825_112_click,R_2zq39VWcm9pNTsU,0,Female,Western (European),Several,Many,4,5,5,Male,53825,ClickHM,q4,12.81778435698043,0.0753725447198309,530,H
886,53825_112_click,R_4fiPCNY7cb1wNAA,0,Female,Western (European),A few,A few,4,4,4,Male,53825,ClickHM,q4,12.81778435698043,0.0753725447198309,530,H
887,53825_112_click,R_5dVOtZ78r5p3nI2,0,Female,Western (European),A few,A few,4,4,5,Male,53825,ClickHM,q4,12.81778435698043,0.0753725447198309,530,H
888,53825_112_click,R_2A9xC0fDtng5UAN,1,Male,Western (European),Several,Many,4,4,4,Male,53825,ClickHM,q4,12.81778435698043,0.0753725447198309,530,H
889,53825_112_click,R_7GE75IOJRVNETxT,1,Male,Western (European),Many,Many,4,2,4,Male,53825,ClickHM,q4,12.81778435698043,0.0753725447198309,530,H
890,185803_472_allornothing,R_2zq39VWcm9pNTsU,0,Female,Western (European),Several,Many,4,3,2,Male,185803,AllOrNothingAM,q4,14.693373891548816,0.0869216144222688,223,A
891,185803_472_allornothing,R_4fiPCNY7cb1wNAA,0,Female,Western (European),A few,A few,4,4,6,Male,185803,AllOrNothingAM,q4,14.693373891548816,0.0869216144222688,223,A
892,185803_472_allornothing,R_5dVOtZ78r5p3nI2,0,Female,Western (European),A few,A few,4,6,1,Male,185803,AllOrNothingAM,q4,14.693373891548816,0.0869216144222688,223,A
893,185803_472_allornothing,R_2A9xC0fDtng5UAN,1,Male,Western (European),Several,Many,4,5,3,Male,185803,AllOrNothingAM,q4,14.693373891548816,0.0869216144222688,223,A
894,185803_472_allornothing,R_7GE75IOJRVNETxT,1,Male,Western (European),Many,Many,4,4,3,Male,185803,AllOrNothingAM,q4,14.693373891548816,0.0869216144222688,223,A
895,121873_204_bright,R_2zq39VWcm9pNTsU,0,Female,Western (European),Several,Many,4,2,1,Male,121873,BrightStarAM,q2,6.497170691860214,0.0382398555237458,83,A
896,121873_204_bright,R_4fiPCNY7cb1wNAA,0,Female,Western (European),A few,A few,4,4,1,Male,121873,BrightStarAM,q2,6.497170691860214,0.0382398555237458,83,A
897,121873_204_bright,R_5dVOtZ78r5p3nI2,0,Female,Western (European),A few,A few,4,2,1,Male,121873,BrightStarAM,q2,6.497170691860214,0.0382398555237458,83,A
898,121873_204_bright,R_2A9xC0fDtng5UAN,1,Male,Western (European),Several,Many,4,4,3,Male,121873,BrightStarAM,q2,6.497170691860214,0.0382398555237458,83,A
899,121873_204_bright,R_7GE75IOJRVNETxT,1,Male,Western (European),Many,Many,4,2,4,Male,121873,BrightStarAM,q2,6.497170691860214,0.0382398555237458,83,A
900,44541_129_copy,R_2zq39VWcm9pNTsU,0,Female,Western (European),Several,Many,4,2,2,Male,44541,CertifiedCopyAM,q2,7.452440513663303,0.0440436434696597,53,A
901,44541_129_copy,R_4fiPCNY7cb1wNAA,0,Female,Western (European),A few,A few,4,3,5,Male,44541,CertifiedCopyAM,q2,7.452440513663303,0.0440436434696597,53,A
902,44541_129_copy,R_5dVOtZ78r5p3nI2,0,Female,Western (European),A few,A few,4,4,3,Male,44541,CertifiedCopyAM,q2,7.452440513663303,0.0440436434696597,53,A
903,44541_129_copy,R_2A9xC0fDtng5UAN,1,Male,Western (European),Several,Many,4,4,3,Male,44541,CertifiedCopyAM,q2,7.452440513663303,0.0440436434696597,53,A
904,44541_129_copy,R_7GE75IOJRVNETxT,1,Male,Western (European),Many,Many,4,2,2,Male,44541,CertifiedCopyAM,q2,7.452440513663303,0.0440436434696597,53,A
905,113785_170_pirates,R_2zq39VWcm9pNTsU,0,Female,Western (European),Several,Many,4,3,2,Female,113785,PiratesOfCaribbeanHM,q1,6.164345542382738,0.0340198221997402,291,H
906,113785_170_pirates,R_4fiPCNY7cb1wNAA,0,Female,Western (European),A few,A few,4,4,4,Female,113785,PiratesOfCaribbeanHM,q1,6.164345542382738,0.0340198221997402,291,H
907,113785_170_pirates,R_5dVOtZ78r5p3nI2,0,Female,Western (European),A few,A few,4,3,3,Female,113785,PiratesOfCaribbeanHM,q1,6.164345542382738,0.0340198221997402,291,H
908,113785_170_pirates,R_2A9xC0fDtng5UAN,1,Male,Western (European),Several,Many,4,6,5,I cannot tell,113785,PiratesOfCaribbeanHM,q1,6.164345542382738,0.0340198221997402,291,H
909,113785_170_pirates,R_7GE75IOJRVNETxT,1,Male,Western (European),Many,Many,4,2,3,Female,113785,PiratesOfCaribbeanHM,q1,6.164345542382738,0.0340198221997402,291,H
910,49281_63_clean,R_2zq39VWcm9pNTsU,0,Female,Western (European),Several,Many,4,1,1,Male,49281,CleanAM,q1,3.1177102877781424,0.017437416109783,34,A
911,49281_63_clean,R_4fiPCNY7cb1wNAA,0,Female,Western (European),A few,A few,4,3,1,Male,49281,CleanAM,q1,3.1177102877781424,0.017437416109783,34,A
912,49281_63_clean,R_5dVOtZ78r5p3nI2,0,Female,Western (European),A few,A few,4,2,1,Male,49281,CleanAM,q1,3.1177102877781424,0.017437416109783,34,A
913,49281_63_clean,R_2A9xC0fDtng5UAN,1,Male,Western (European),Several,Many,4,4,1,Male,49281,CleanAM,q1,3.1177102877781424,0.017437416109783,34,A
914,49281_63_clean,R_7GE75IOJRVNETxT,1,Male,Western (European),Many,Many,4,4,3,Male,49281,CleanAM,q1,3.1177102877781424,0.017437416109783,34,A
915,21873_11_kvant,R_2zq39VWcm9pNTsU,0,Female,Western (European),Several,Many,4,1,1,Male,21873,QuantumOfSolaceHM,q4,10.490861277985802,0.0619825286298861,10,H
916,21873_11_kvant,R_4fiPCNY7cb1wNAA,0,Female,Western (European),A few,A few,4,6,1,Male,21873,QuantumOfSolaceHM,q4,10.490861277985802,0.0619825286298861,10,H
917,21873_11_kvant,R_5dVOtZ78r5p3nI2,0,Female,Western (European),A few,A few,4,4,1,Male,21873,QuantumOfSolaceHM,q4,10.490861277985802,0.0619825286298861,10,H
918,21873_11_kvant,R_2A9xC0fDtng5UAN,1,Male,Western (European),Several,Many,4,4,1,Male,21873,QuantumOfSolaceHM,q4,10.490861277985802,0.0619825286298861,10,H
919,21873_11_kvant,R_7GE75IOJRVNETxT,1,Male,Western (European),Many,Many,4,4,1,Male,21873,QuantumOfSolaceHM,q4,10.490861277985802,0.0619825286298861,10,H
920,156785_269_dark_batman,R_2zq39VWcm9pNTsU,0,Female,Western (European),Several,Many,4,3,1,Male,156785,TheDarkKnightHM,q4,12.271673359813622,0.0726263796985122,93,H
921,156785_269_dark_batman,R_4fiPCNY7cb1wNAA,0,Female,Western (European),A few,A few,4,3,1,Male,156785,TheDarkKnightHM,q4,12.271673359813622,0.0726263796985122,93,H
922,156785_269_dark_batman,R_5dVOtZ78r5p3nI2,0,Female,Western (European),A few,A few,4,4,1,Male,156785,TheDarkKnightHM,q4,12.271673359813622,0.0726263796985122,93,H
923,156785_269_dark_batman,R_2A9xC0fDtng5UAN,1,Male,Western (European),Several,Many,4,3,4,Male,156785,TheDarkKnightHM,q4,12.271673359813622,0.0726263796985122,93,H
924,156785_269_dark_batman,R_7GE75IOJRVNETxT,1,Male,Western (European),Many,Many,4,3,1,Male,156785,TheDarkKnightHM,q4,12.271673359813622,0.0726263796985122,93,H
925,105073_109_kvant,R_2zq39VWcm9pNTsU,0,Female,Western (European),Several,Many,4,2,1,Female,105073,QuantumOfSolaceHM,q1,5.179847809027467,0.0293822573838875,59,H
926,105073_109_kvant,R_4fiPCNY7cb1wNAA,0,Female,Western (European),A few,A few,4,3,4,Female,105073,QuantumOfSolaceHM,q1,5.179847809027467,0.0293822573838875,59,H
927,105073_109_kvant,R_5dVOtZ78r5p3nI2,0,Female,Western (European),A few,A few,4,2,1,Female,105073,QuantumOfSolaceHM,q1,5.179847809027467,0.0293822573838875,59,H
928,105073_109_kvant,R_2A9xC0fDtng5UAN,1,Male,Western (European),Several,Many,4,3,1,Female,105073,QuantumOfSolaceHM,q1,5.179847809027467,0.0293822573838875,59,H
929,105073_109_kvant,R_7GE75IOJRVNETxT,1,Male,Western (European),Many,Many,4,3,2,Female,105073,QuantumOfSolaceHM,q1,5.179847809027467,0.0293822573838875,59,H
930,105817_118_fast,R_2zq39VWcm9pNTsU,0,Female,Western (European),Several,Many,4,2,1,Female,105817,FastAndFuriousHM,q1,4.591373983671037,0.0264837674384109,205,H
931,105817_118_fast,R_4fiPCNY7cb1wNAA,0,Female,Western (European),A few,A few,4,2,2,Female,105817,FastAndFuriousHM,q1,4.591373983671037,0.0264837674384109,205,H
932,105817_118_fast,R_5dVOtZ78r5p3nI2,0,Female,Western (European),A few,A few,4,2,1,Female,105817,FastAndFuriousHM,q1,4.591373983671037,0.0264837674384109,205,H
933,105817_118_fast,R_2A9xC0fDtng5UAN,1,Male,Western (European),Several,Many,4,5,4,Female,105817,FastAndFuriousHM,q1,4.591373983671037,0.0264837674384109,205,H
934,105817_118_fast,R_7GE75IOJRVNETxT,1,Male,Western (European),Many,Many,4,1,1,Female,105817,FastAndFuriousHM,q1,4.591373983671037,0.0264837674384109,205,H
935,24882_15_kvant,R_2zq39VWcm9pNTsU,0,Female,Western (European),Several,Many,4,2,1,Female,24882,QuantumOfSolaceHM,q2,5.470100928712644,0.0299678698148068,12,H
936,24882_15_kvant,R_4fiPCNY7cb1wNAA,0,Female,Western (European),A few,A few,4,5,4,Female,24882,QuantumOfSolaceHM,q2,5.470100928712644,0.0299678698148068,12,H
937,24882_15_kvant,R_5dVOtZ78r5p3nI2,0,Female,Western (European),A few,A few,4,4,3,Female,24882,QuantumOfSolaceHM,q2,5.470100928712644,0.0299678698148068,12,H
938,24882_15_kvant,R_2A9xC0fDtng5UAN,1,Male,Western (European),Several,Many,4,2,4,Female,24882,QuantumOfSolaceHM,q2,5.470100928712644,0.0299678698148068,12,H
939,24882_15_kvant,R_7GE75IOJRVNETxT,1,Male,Western (European),Many,Many,4,4,4,Female,24882,QuantumOfSolaceHM,q2,5.470100928712644,0.0299678698148068,12,H
940,116058_297_newyork,R_2zq39VWcm9pNTsU,0,Female,Western (European),Several,Many,4,2,1,Male,116058,SynecdocheAM,q3,10.63014370846805,0.0607282346728389,106,A
941,116058_297_newyork,R_4fiPCNY7cb1wNAA,0,Female,Western (European),A few,A few,4,1,1,Male,116058,SynecdocheAM,q3,10.63014370846805,0.0607282346728389,106,A
942,116058_297_newyork,R_5dVOtZ78r5p3nI2,0,Female,Western (European),A few,A few,4,1,1,Male,116058,SynecdocheAM,q3,10.63014370846805,0.0607282346728389,106,A
943,116058_297_newyork,R_2A9xC0fDtng5UAN,1,Male,Western (European),Several,Many,4,3,1,I cannot tell,116058,SynecdocheAM,q3,10.63014370846805,0.0607282346728389,106,A
944,116058_297_newyork,R_7GE75IOJRVNETxT,1,Male,Western (European),Many,Many,4,1,1,Male,116058,SynecdocheAM,q3,10.63014370846805,0.0607282346728389,106,A
945,91001_97_kvant,R_2zq39VWcm9pNTsU,0,Female,Western (European),Several,Many,4,2,1,Male,91001,QuantumOfSolaceHM,q3,10.511147087898626,0.0592072671062445,51,H
946,91001_97_kvant,R_4fiPCNY7cb1wNAA,0,Female,Western (European),A few,A few,4,5,1,Male,91001,QuantumOfSolaceHM,q3,10.511147087898626,0.0592072671062445,51,H
947,91001_97_kvant,R_5dVOtZ78r5p3nI2,0,Female,Western (European),A few,A few,4,3,1,Male,91001,QuantumOfSolaceHM,q3,10.511147087898626,0.0592072671062445,51,H
948,91001_97_kvant,R_2A9xC0fDtng5UAN,1,Male,Western (European),Several,Many,4,6,3,Male,91001,QuantumOfSolaceHM,q3,10.511147087898626,0.0592072671062445,51,H
949,91001_97_kvant,R_7GE75IOJRVNETxT,1,Male,Western (European),Many,Many,4,1,1,Male,91001,QuantumOfSolaceHM,q3,10.511147087898626,0.0592072671062445,51,H
950,39961_114_copy,R_2zq39VWcm9pNTsU,0,Female,Western (European),Several,Many,4,4,4,Female,39961,CertifiedCopyAM,q1,4.156325536858206,0.0240038574421882,38,A
951,39961_114_copy,R_4fiPCNY7cb1wNAA,0,Female,Western (European),A few,A few,4,2,4,Female,39961,CertifiedCopyAM,q1,4.156325536858206,0.0240038574421882,38,A
952,39961_114_copy,R_5dVOtZ78r5p3nI2,0,Female,Western (European),A few,A few,4,5,1,Female,39961,CertifiedCopyAM,q1,4.156325536858206,0.0240038574421882,38,A
953,39961_114_copy,R_2A9xC0fDtng5UAN,1,Male,Western (European),Several,Many,4,3,2,Female,39961,CertifiedCopyAM,q1,4.156325536858206,0.0240038574421882,38,A
954,39961_114_copy,R_7GE75IOJRVNETxT,1,Male,Western (European),Many,Many,4,4,5,Female,39961,CertifiedCopyAM,q1,4.156325536858206,0.0240038574421882,38,A
955,127659_206_clean,R_2zq39VWcm9pNTsU,0,Female,Western (European),Several,Many,4,1,1,Male,127659,CleanAM,q4,11.331349535637909,0.0692256532243773,128,A
956,127659_206_clean,R_4fiPCNY7cb1wNAA,0,Female,Western (European),A few,A few,4,2,2,Male,127659,CleanAM,q4,11.331349535637909,0.0692256532243773,128,A
957,127659_206_clean,R_5dVOtZ78r5p3nI2,0,Female,Western (European),A few,A few,4,5,1,Male,127659,CleanAM,q4,11.331349535637909,0.0692256532243773,128,A
958,127659_206_clean,R_2A9xC0fDtng5UAN,1,Male,Western (European),Several,Many,4,3,3,Male,127659,CleanAM,q4,11.331349535637909,0.0692256532243773,128,A
959,127659_206_clean,R_7GE75IOJRVNETxT,1,Male,Western (European),Many,Many,4,1,1,Male,127659,CleanAM,q4,11.331349535637909,0.0692256532243773,128,A
960,143097_246_bright,R_2zq39VWcm9pNTsU,0,Female,Western (European),Several,Many,4,3,1,Female,143097,BrightStarAM,q2,5.899382741678717,0.0339033617972503,106,A
961,143097_246_bright,R_4fiPCNY7cb1wNAA,0,Female,Western (European),A few,A few,4,4,2,Female,143097,BrightStarAM,q2,5.899382741678717,0.0339033617972503,106,A
962,143097_246_bright,R_5dVOtZ78r5p3nI2,0,Female,Western (European),A few,A few,4,2,1,Female,143097,BrightStarAM,q2,5.899382741678717,0.0339033617972503,106,A
963,143097_246_bright,R_2A9xC0fDtng5UAN,1,Male,Western (European),Several,Many,4,5,3,Female,143097,BrightStarAM,q2,5.899382741678717,0.0339033617972503,106,A
964,143097_246_bright,R_7GE75IOJRVNETxT,1,Male,Western (European),Many,Many,4,3,3,Female,143097,BrightStarAM,q2,5.899382741678717,0.0339033617972503,106,A
965,83377_158_dark_batman,R_2zq39VWcm9pNTsU,0,Female,Western (European),Several,Many,4,3,4,Male,83377,TheDarkKnightHM,q2,7.5897109036128,0.0439371987970011,45,H
966,83377_158_dark_batman,R_4fiPCNY7cb1wNAA,0,Female,Western (European),A few,A few,4,3,5,Male,83377,TheDarkKnightHM,q2,7.5897109036128,0.0439371987970011,45,H
967,83377_158_dark_batman,R_5dVOtZ78r5p3nI2,0,Female,Western (European),A few,A few,4,5,6,Male,83377,TheDarkKnightHM,q2,7.5897109036128,0.0439371987970011,45,H
968,83377_158_dark_batman,R_2A9xC0fDtng5UAN,1,Male,Western (European),Several,Many,4,5,6,Male,83377,TheDarkKnightHM,q2,7.5897109036128,0.0439371987970011,45,H
969,83377_158_dark_batman,R_7GE75IOJRVNETxT,1,Male,Western (European),Many,Many,4,5,5,Male,83377,TheDarkKnightHM,q2,7.5897109036128,0.0439371987970011,45,H
970,141649_334_allornothing,R_2zq39VWcm9pNTsU,0,Female,Western (European),Several,Many,4,4,3,Female,141649,AllOrNothingAM,q4,11.55334928196866,0.067170882372867,148,A
971,141649_334_allornothing,R_4fiPCNY7cb1wNAA,0,Female,Western (European),A few,A few,4,5,6,Female,141649,AllOrNothingAM,q4,11.55334928196866,0.067170882372867,148,A
972,141649_334_allornothing,R_5dVOtZ78r5p3nI2,0,Female,Western (European),A few,A few,4,6,2,Female,141649,AllOrNothingAM,q4,11.55334928196866,0.067170882372867,148,A
973,141649_334_allornothing,R_2A9xC0fDtng5UAN,1,Male,Western (European),Several,Many,4,6,6,Female,141649,AllOrNothingAM,q4,11.55334928196866,0.067170882372867,148,A
974,141649_334_allornothing,R_7GE75IOJRVNETxT,1,Male,Western (European),Many,Many,4,6,6,Female,141649,AllOrNothingAM,q4,11.55334928196866,0.067170882372867,148,A
975,25489_46_click,R_2zq39VWcm9pNTsU,0,Female,Western (European),Several,Many,4,2,2,Male,25489,ClickHM,q1,4.774450433637293,0.0262378396417081,46,H
976,25489_46_click,R_4fiPCNY7cb1wNAA,0,Female,Western (European),A few,A few,4,2,2,Male,25489,ClickHM,q1,4.774450433637293,0.0262378396417081,46,H
977,25489_46_click,R_5dVOtZ78r5p3nI2,0,Female,Western (European),A few,A few,4,3,1,Male,25489,ClickHM,q1,4.774450433637293,0.0262378396417081,46,H
978,25489_46_click,R_2A9xC0fDtng5UAN,1,Male,Western (European),Several,Many,4,3,1,Male,25489,ClickHM,q1,4.774450433637293,0.0262378396417081,46,H
979,25489_46_click,R_7GE75IOJRVNETxT,1,Male,Western (European),Many,Many,4,2,1,Male,25489,ClickHM,q1,4.774450433637293,0.0262378396417081,46,H
980,120005_189_clean,R_2zq39VWcm9pNTsU,0,Female,Western (European),Several,Many,4,4,1,Male,120005,CleanAM,q4,12.813478980852263,0.079984261683764,115,A
981,120005_189_clean,R_4fiPCNY7cb1wNAA,0,Female,Western (European),A few,A few,4,6,5,Male,120005,CleanAM,q4,12.813478980852263,0.079984261683764,115,A
982,120005_189_clean,R_5dVOtZ78r5p3nI2,0,Female,Western (European),A few,A few,4,6,1,Male,120005,CleanAM,q4,12.813478980852263,0.079984261683764,115,A
983,120005_189_clean,R_2A9xC0fDtng5UAN,1,Male,Western (European),Several,Many,4,6,4,Male,120005,CleanAM,q4,12.813478980852263,0.079984261683764,115,A
984,120005_189_clean,R_7GE75IOJRVNETxT,1,Male,Western (European),Many,Many,4,6,5,Male,120005,CleanAM,q4,12.813478980852263,0.079984261683764,115,A
985,37198_72_click,R_2zq39VWcm9pNTsU,0,Female,Western (European),Several,Many,4,3,3,Male,37198,ClickHM,q2,6.987206619511079,0.039580399835535,394,H
986,37198_72_click,R_4fiPCNY7cb1wNAA,0,Female,Western (European),A few,A few,4,4,1,Male,37198,ClickHM,q2,6.987206619511079,0.039580399835535,394,H
987,37198_72_click,R_5dVOtZ78r5p3nI2,0,Female,Western (European),A few,A few,4,5,2,Male,37198,ClickHM,q2,6.987206619511079,0.039580399835535,394,H
988,37198_72_click,R_2A9xC0fDtng5UAN,1,Male,Western (European),Several,Many,4,5,4,Male,37198,ClickHM,q2,6.987206619511079,0.039580399835535,394,H
989,37198_72_click,R_7GE75IOJRVNETxT,1,Male,Western (European),Many,Many,4,3,3,Male,37198,ClickHM,q2,6.987206619511079,0.039580399835535,394,H
990,35745_82_newyork,R_2zq39VWcm9pNTsU,0,Female,Western (European),Several,Many,4,1,1,Female,35745,SynecdocheAM,q2,9.94195961625004,0.0620607595379626,22,A
991,35745_82_newyork,R_4fiPCNY7cb1wNAA,0,Female,Western (European),A few,A few,4,2,1,Female,35745,SynecdocheAM,q2,9.94195961625004,0.0620607595379626,22,A
992,35745_82_newyork,R_5dVOtZ78r5p3nI2,0,Female,Western (European),A few,A few,4,1,1,Female,35745,SynecdocheAM,q2,9.94195961625004,0.0620607595379626,22,A
993,35745_82_newyork,R_2A9xC0fDtng5UAN,1,Male,Western (European),Several,Many,4,2,1,Female,35745,SynecdocheAM,q2,9.94195961625004,0.0620607595379626,22,A
994,35745_82_newyork,R_7GE75IOJRVNETxT,1,Male,Western (European),Many,Many,4,2,1,Female,35745,SynecdocheAM,q2,9.94195961625004,0.0620607595379626,22,A
995,44566_84_dark_batman,R_2zq39VWcm9pNTsU,0,Female,Western (European),Several,Many,4,3,2,Male,44566,TheDarkKnightHM,q2,10.312956398051831,0.0596829353287427,27,H
996,44566_84_dark_batman,R_4fiPCNY7cb1wNAA,0,Female,Western (European),A few,A few,4,2,4,Male,44566,TheDarkKnightHM,q2,10.312956398051831,0.0596829353287427,27,H
997,44566_84_dark_batman,R_5dVOtZ78r5p3nI2,0,Female,Western (European),A few,A few,4,5,5,Male,44566,TheDarkKnightHM,q2,10.312956398051831,0.0596829353287427,27,H
998,44566_84_dark_batman,R_2A9xC0fDtng5UAN,1,Male,Western (European),Several,Many,4,6,7,Male,44566,TheDarkKnightHM,q2,10.312956398051831,0.0596829353287427,27,H
999,44566_84_dark_batman,R_7GE75IOJRVNETxT,1,Male,Western (European),Many,Many,4,7,6,Male,44566,TheDarkKnightHM,q2,10.312956398051831,0.0596829353287427,27,H
1000,79460_110_clean,R_2zq39VWcm9pNTsU,0,Female,Western (European),Several,Many,4,2,2,Male,79460,CleanAM,q1,4.533560805463682,0.0257105493556742,63,A
1001,79460_110_clean,R_4fiPCNY7cb1wNAA,0,Female,Western (European),A few,A few,4,2,4,Male,79460,CleanAM,q1,4.533560805463682,0.0257105493556742,63,A
1002,79460_110_clean,R_5dVOtZ78r5p3nI2,0,Female,Western (European),A few,A few,4,5,2,Male,79460,CleanAM,q1,4.533560805463682,0.0257105493556742,63,A
1003,79460_110_clean,R_2A9xC0fDtng5UAN,1,Male,Western (European),Several,Many,4,2,4,Male,79460,CleanAM,q1,4.533560805463682,0.0257105493556742,63,A
1004,79460_110_clean,R_7GE75IOJRVNETxT,1,Male,Western (European),Many,Many,4,1,2,Male,79460,CleanAM,q1,4.533560805463682,0.0257105493556742,63,A
1005,39522_77_allornothing,R_2zq39VWcm9pNTsU,0,Female,Western (European),Several,Many,4,4,5,Male,39522,AllOrNothingAM,q2,5.6438743541994825,0.0327986293492176,21,A
1006,39522_77_allornothing,R_4fiPCNY7cb1wNAA,0,Female,Western (European),A few,A few,4,4,6,Male,39522,AllOrNothingAM,q2,5.6438743541994825,0.0327986293492176,21,A
1007,39522_77_allornothing,R_5dVOtZ78r5p3nI2,0,Female,Western (European),A few,A few,4,3,2,Male,39522,AllOrNothingAM,q2,5.6438743541994825,0.0327986293492176,21,A
1008,39522_77_allornothing,R_2A9xC0fDtng5UAN,1,Male,Western (European),Several,Many,4,4,5,Male,39522,AllOrNothingAM,q2,5.6438743541994825,0.0327986293492176,21,A
1009,39522_77_allornothing,R_7GE75IOJRVNETxT,1,Male,Western (European),Many,Many,4,5,4,Male,39522,AllOrNothingAM,q2,5.6438743541994825,0.0327986293492176,21,A
1010,130665_313_click,R_2zq39VWcm9pNTsU,0,Female,Western (European),Several,Many,4,2,2,Male,130665,ClickHM,q3,9.828269929660603,0.0550002493724424,561,H
1011,130665_313_click,R_4fiPCNY7cb1wNAA,0,Female,Western (European),A few,A few,4,2,1,Male,130665,ClickHM,q3,9.828269929660603,0.0550002493724424,561,H
1012,130665_313_click,R_5dVOtZ78r5p3nI2,0,Female,Western (European),A few,A few,4,2,1,Male,130665,ClickHM,q3,9.828269929660603,0.0550002493724424,561,H
1013,130665_313_click,R_2A9xC0fDtng5UAN,1,Male,Western (European),Several,Many,4,1,2,Male,130665,ClickHM,q3,9.828269929660603,0.0550002493724424,561,H
1014,130665_313_click,R_7GE75IOJRVNETxT,1,Male,Western (European),Many,Many,4,3,4,Male,130665,ClickHM,q3,9.828269929660603,0.0550002493724424,561,H
1015,4754_2_dark_batman,R_2zq39VWcm9pNTsU,0,Female,Western (European),Several,Many,4,2,2,Male,4754,TheDarkKnightHM,q1,5.083473797918173,0.028354972742951,2,H
1016,4754_2_dark_batman,R_4fiPCNY7cb1wNAA,0,Female,Western (European),A few,A few,4,3,2,Male,4754,TheDarkKnightHM,q1,5.083473797918173,0.028354972742951,2,H
1017,4754_2_dark_batman,R_5dVOtZ78r5p3nI2,0,Female,Western (European),A few,A few,4,1,1,Male,4754,TheDarkKnightHM,q1,5.083473797918173,0.028354972742951,2,H
1018,4754_2_dark_batman,R_2A9xC0fDtng5UAN,1,Male,Western (European),Several,Many,4,5,2,Male,4754,TheDarkKnightHM,q1,5.083473797918173,0.028354972742951,2,H
1019,4754_2_dark_batman,R_7GE75IOJRVNETxT,1,Male,Western (European),Many,Many,4,3,1,Male,4754,TheDarkKnightHM,q1,5.083473797918173,0.028354972742951,2,H
1020,133001_224_spider,R_2zq39VWcm9pNTsU,0,Female,Western (European),Several,Many,4,2,1,Male,133001,SpiderAM,q1,2.5923769713894407,0.0141506524695775,105,A
1021,133001_224_spider,R_4fiPCNY7cb1wNAA,0,Female,Western (European),A few,A few,4,1,1,Male,133001,SpiderAM,q1,2.5923769713894407,0.0141506524695775,105,A
1022,133001_224_spider,R_5dVOtZ78r5p3nI2,0,Female,Western (European),A few,A few,4,1,1,Male,133001,SpiderAM,q1,2.5923769713894407,0.0141506524695775,105,A
1023,133001_224_spider,R_2A9xC0fDtng5UAN,1,Male,Western (European),Several,Many,4,5,1,Male,133001,SpiderAM,q1,2.5923769713894407,0.0141506524695775,105,A
1024,133001_224_spider,R_7GE75IOJRVNETxT,1,Male,Western (European),Many,Many,4,1,1,Male,133001,SpiderAM,q1,2.5923769713894407,0.0141506524695775,105,A
1025,100673_280_newyork,R_24e0Tz3OzhRLJyS,0,Male,Western (European),Many,Many,5,5,3,Male,100673,SynecdocheAM,q3,11.169009153893978,0.0662479640691645,101,A
1026,100673_280_newyork,R_1QMS3pmCmj2tE9S,0,Female,Western (European),Several,Several,5,3,4,Male,100673,SynecdocheAM,q3,11.169009153893978,0.0662479640691645,101,A
1027,100673_280_newyork,R_2fNU6Uu5m30kv5q,1,Male,Western (European),A few,A few,5,4,5,Male,100673,SynecdocheAM,q3,11.169009153893978,0.0662479640691645,101,A
1028,100673_280_newyork,R_2YS6VK8KYD8YiUb,1,Female,Western (European),Many,Many,5,2,4,Male,100673,SynecdocheAM,q3,11.169009153893978,0.0662479640691645,101,A
1029,100673_280_newyork,R_32IRj0G5KtBCNjf,1,Male,Western (European),A few,A few,5,2,3,Male,100673,SynecdocheAM,q3,11.169009153893978,0.0662479640691645,101,A
1030,49429_102_click,R_24e0Tz3OzhRLJyS,0,Male,Western (European),Many,Many,5,4,3,Male,49429,ClickHM,q4,12.543060443682451,0.0769427273194112,455,H
1031,49429_102_click,R_1QMS3pmCmj2tE9S,0,Female,Western (European),Several,Several,5,3,4,Male,49429,ClickHM,q4,12.543060443682451,0.0769427273194112,455,H
1032,49429_102_click,R_2fNU6Uu5m30kv5q,1,Male,Western (European),A few,A few,5,5,3,Male,49429,ClickHM,q4,12.543060443682451,0.0769427273194112,455,H
1033,49429_102_click,R_2YS6VK8KYD8YiUb,1,Female,Western (European),Many,Many,5,5,5,Male,49429,ClickHM,q4,12.543060443682451,0.0769427273194112,455,H
1034,49429_102_click,R_32IRj0G5KtBCNjf,1,Male,Western (European),A few,A few,5,4,1,Male,49429,ClickHM,q4,12.543060443682451,0.0769427273194112,455,H
1035,25586_23_fast,R_24e0Tz3OzhRLJyS,0,Male,Western (European),Many,Many,5,2,1,Male,25586,FastAndFuriousHM,q4,12.34317592612087,0.0789392688062224,208,H
1036,25586_23_fast,R_1QMS3pmCmj2tE9S,0,Female,Western (European),Several,Several,5,2,1,Male,25586,FastAndFuriousHM,q4,12.34317592612087,0.0789392688062224,208,H
1037,25586_23_fast,R_2fNU6Uu5m30kv5q,1,Male,Western (European),A few,A few,5,4,1,Male,25586,FastAndFuriousHM,q4,12.34317592612087,0.0789392688062224,208,H
1038,25586_23_fast,R_2YS6VK8KYD8YiUb,1,Female,Western (European),Many,Many,5,3,1,Male,25586,FastAndFuriousHM,q4,12.34317592612087,0.0789392688062224,208,H
1039,25586_23_fast,R_32IRj0G5KtBCNjf,1,Male,Western (European),A few,A few,5,2,1,Male,25586,FastAndFuriousHM,q4,12.34317592612087,0.0789392688062224,208,H
1040,8150_7_allornothing,R_24e0Tz3OzhRLJyS,0,Male,Western (European),Many,Many,5,3,1,Male,8150,AllOrNothingAM,q2,5.917326443243981,0.0338878490467967,5,A
1041,8150_7_allornothing,R_1QMS3pmCmj2tE9S,0,Female,Western (European),Several,Several,5,3,1,Male,8150,AllOrNothingAM,q2,5.917326443243981,0.0338878490467967,5,A
1042,8150_7_allornothing,R_2fNU6Uu5m30kv5q,1,Male,Western (European),A few,A few,5,2,1,Male,8150,AllOrNothingAM,q2,5.917326443243981,0.0338878490467967,5,A
1043,8150_7_allornothing,R_2YS6VK8KYD8YiUb,1,Female,Western (European),Many,Many,5,2,3,Male,8150,AllOrNothingAM,q2,5.917326443243981,0.0338878490467967,5,A
1044,8150_7_allornothing,R_32IRj0G5KtBCNjf,1,Male,Western (European),A few,A few,5,3,2,Male,8150,AllOrNothingAM,q2,5.917326443243981,0.0338878490467967,5,A
1045,45302_75_bright,R_24e0Tz3OzhRLJyS,0,Male,Western (European),Many,Many,5,4,3,Female,45302,BrightStarAM,q2,6.31345774610808,0.0366263438344627,33,A
1046,45302_75_bright,R_1QMS3pmCmj2tE9S,0,Female,Western (European),Several,Several,5,4,4,Female,45302,BrightStarAM,q2,6.31345774610808,0.0366263438344627,33,A
1047,45302_75_bright,R_2fNU6Uu5m30kv5q,1,Male,Western (European),A few,A few,5,4,2,Female,45302,BrightStarAM,q2,6.31345774610808,0.0366263438344627,33,A
1048,45302_75_bright,R_2YS6VK8KYD8YiUb,1,Female,Western (European),Many,Many,5,4,3,Female,45302,BrightStarAM,q2,6.31345774610808,0.0366263438344627,33,A
1049,45302_75_bright,R_32IRj0G5KtBCNjf,1,Male,Western (European),A few,A few,5,3,2,Female,45302,BrightStarAM,q2,6.31345774610808,0.0366263438344627,33,A
1050,75847_119_bright,R_24e0Tz3OzhRLJyS,0,Male,Western (European),Many,Many,5,2,1,Male,75847,BrightStarAM,q2,9.271607337993846,0.0546849150762074,55,A
1051,75847_119_bright,R_1QMS3pmCmj2tE9S,0,Female,Western (European),Several,Several,5,3,2,Male,75847,BrightStarAM,q2,9.271607337993846,0.0546849150762074,55,A
1052,75847_119_bright,R_2fNU6Uu5m30kv5q,1,Male,Western (European),A few,A few,5,1,1,Male,75847,BrightStarAM,q2,9.271607337993846,0.0546849150762074,55,A
1053,75847_119_bright,R_2YS6VK8KYD8YiUb,1,Female,Western (European),Many,Many,5,2,4,Male,75847,BrightStarAM,q2,9.271607337993846,0.0546849150762074,55,A
1054,75847_119_bright,R_32IRj0G5KtBCNjf,1,Male,Western (European),A few,A few,5,3,2,Male,75847,BrightStarAM,q2,9.271607337993846,0.0546849150762074,55,A
1055,12926_4_fast,R_24e0Tz3OzhRLJyS,0,Male,Western (European),Many,Many,5,4,1,Male,12926,FastAndFuriousHM,q3,8.835447639985274,0.0548310254808966,182,H
1056,12926_4_fast,R_1QMS3pmCmj2tE9S,0,Female,Western (European),Several,Several,5,3,1,Male,12926,FastAndFuriousHM,q3,8.835447639985274,0.0548310254808966,182,H
1057,12926_4_fast,R_2fNU6Uu5m30kv5q,1,Male,Western (European),A few,A few,5,2,1,Male,12926,FastAndFuriousHM,q3,8.835447639985274,0.0548310254808966,182,H
1058,12926_4_fast,R_2YS6VK8KYD8YiUb,1,Female,Western (European),Many,Many,5,5,1,I cannot tell,12926,FastAndFuriousHM,q3,8.835447639985274,0.0548310254808966,182,H
1059,12926_4_fast,R_32IRj0G5KtBCNjf,1,Male,Western (European),A few,A few,5,1,1,Male,12926,FastAndFuriousHM,q3,8.835447639985274,0.0548310254808966,182,H
1060,44433_56_fast,R_24e0Tz3OzhRLJyS,0,Male,Western (European),Many,Many,5,4,1,Male,44433,FastAndFuriousHM,q2,7.677848167579142,0.044690078795704,168,H
1061,44433_56_fast,R_1QMS3pmCmj2tE9S,0,Female,Western (European),Several,Several,5,5,3,Male,44433,FastAndFuriousHM,q2,7.677848167579142,0.044690078795704,168,H
1062,44433_56_fast,R_2fNU6Uu5m30kv5q,1,Male,Western (European),A few,A few,5,4,1,Male,44433,FastAndFuriousHM,q2,7.677848167579142,0.044690078795704,168,H
1063,44433_56_fast,R_2YS6VK8KYD8YiUb,1,Female,Western (European),Many,Many,5,4,4,Male,44433,FastAndFuriousHM,q2,7.677848167579142,0.044690078795704,168,H
1064,44433_56_fast,R_32IRj0G5KtBCNjf,1,Male,Western (European),A few,A few,5,5,2,Male,44433,FastAndFuriousHM,q2,7.677848167579142,0.044690078795704,168,H
1065,53097_102_allornothing,R_24e0Tz3OzhRLJyS,0,Male,Western (European),Many,Many,5,4,1,Male,53097,AllOrNothingAM,q3,10.096821117197493,0.0617039798788707,28,A
1066,53097_102_allornothing,R_1QMS3pmCmj2tE9S,0,Female,Western (European),Several,Several,5,4,2,Male,53097,AllOrNothingAM,q3,10.096821117197493,0.0617039798788707,28,A
1067,53097_102_allornothing,R_2fNU6Uu5m30kv5q,1,Male,Western (European),A few,A few,5,6,1,Male,53097,AllOrNothingAM,q3,10.096821117197493,0.0617039798788707,28,A
1068,53097_102_allornothing,R_2YS6VK8KYD8YiUb,1,Female,Western (European),Many,Many,5,5,3,Male,53097,AllOrNothingAM,q3,10.096821117197493,0.0617039798788707,28,A
1069,53097_102_allornothing,R_32IRj0G5KtBCNjf,1,Male,Western (European),A few,A few,5,1,2,Male,53097,AllOrNothingAM,q3,10.096821117197493,0.0617039798788707,28,A
1070,106861_163_clean,R_24e0Tz3OzhRLJyS,0,Male,Western (European),Many,Many,5,5,4,Female,106861,CleanAM,q4,12.800703097915838,0.0743884362621088,99,A
1071,106861_163_clean,R_1QMS3pmCmj2tE9S,0,Female,Western (European),Several,Several,5,5,2,Female,106861,CleanAM,q4,12.800703097915838,0.0743884362621088,99,A
1072,106861_163_clean,R_2fNU6Uu5m30kv5q,1,Male,Western (European),A few,A few,5,5,4,Female,106861,CleanAM,q4,12.800703097915838,0.0743884362621088,99,A
1073,106861_163_clean,R_2YS6VK8KYD8YiUb,1,Female,Western (European),Many,Many,5,6,3,Female,106861,CleanAM,q4,12.800703097915838,0.0743884362621088,99,A
1074,106861_163_clean,R_32IRj0G5KtBCNjf,1,Male,Western (European),A few,A few,5,3,4,Female,106861,CleanAM,q4,12.800703097915838,0.0743884362621088,99,A
1075,62777_104_spider,R_24e0Tz3OzhRLJyS,0,Male,Western (European),Many,Many,5,6,1,Male,62777,SpiderAM,q4,13.500735135338426,0.0813170398797203,48,A
1076,62777_104_spider,R_1QMS3pmCmj2tE9S,0,Female,Western (European),Several,Several,5,5,4,Male,62777,SpiderAM,q4,13.500735135338426,0.0813170398797203,48,A
1077,62777_104_spider,R_2fNU6Uu5m30kv5q,1,Male,Western (European),A few,A few,5,5,1,Male,62777,SpiderAM,q4,13.500735135338426,0.0813170398797203,48,A
1078,62777_104_spider,R_2YS6VK8KYD8YiUb,1,Female,Western (European),Many,Many,5,3,5,Male,62777,SpiderAM,q4,13.500735135338426,0.0813170398797203,48,A
1079,62777_104_spider,R_32IRj0G5KtBCNjf,1,Male,Western (European),A few,A few,5,6,2,Male,62777,SpiderAM,q4,13.500735135338426,0.0813170398797203,48,A
1080,3121_2_newyork,R_24e0Tz3OzhRLJyS,0,Male,Western (European),Many,Many,5,3,1,Female,3121,SynecdocheAM,q1,5.097627501157389,0.0286963922082432,0,A
1081,3121_2_newyork,R_1QMS3pmCmj2tE9S,0,Female,Western (European),Several,Several,5,3,1,Female,3121,SynecdocheAM,q1,5.097627501157389,0.0286963922082432,0,A
1082,3121_2_newyork,R_2fNU6Uu5m30kv5q,1,Male,Western (European),A few,A few,5,5,1,Female,3121,SynecdocheAM,q1,5.097627501157389,0.0286963922082432,0,A
1083,3121_2_newyork,R_2YS6VK8KYD8YiUb,1,Female,Western (European),Many,Many,5,2,3,Female,3121,SynecdocheAM,q1,5.097627501157389,0.0286963922082432,0,A
1084,3121_2_newyork,R_32IRj0G5KtBCNjf,1,Male,Western (European),A few,A few,5,2,2,Female,3121,SynecdocheAM,q1,5.097627501157389,0.0286963922082432,0,A
1085,25562_48_monster,R_24e0Tz3OzhRLJyS,0,Male,Western (European),Many,Many,5,2,2,Female,25562,MonsterInLawHM,q3,8.453372077727966,0.0501644187197733,27,H
1086,25562_48_monster,R_1QMS3pmCmj2tE9S,0,Female,Western (European),Several,Several,5,4,4,Female,25562,MonsterInLawHM,q3,8.453372077727966,0.0501644187197733,27,H
1087,25562_48_monster,R_2fNU6Uu5m30kv5q,1,Male,Western (European),A few,A few,5,5,7,Female,25562,MonsterInLawHM,q3,8.453372077727966,0.0501644187197733,27,H
1088,25562_48_monster,R_2YS6VK8KYD8YiUb,1,Female,Western (European),Many,Many,5,3,5,Female,25562,MonsterInLawHM,q3,8.453372077727966,0.0501644187197733,27,H
1089,25562_48_monster,R_32IRj0G5KtBCNjf,1,Male,Western (European),A few,A few,5,4,3,Female,25562,MonsterInLawHM,q3,8.453372077727966,0.0501644187197733,27,H
1090,153041_261_bright,R_24e0Tz3OzhRLJyS,0,Male,Western (European),Many,Many,5,4,1,Male,153041,BrightStarAM,q1,5.173635317133427,0.0290914564048619,111,A
1091,153041_261_bright,R_1QMS3pmCmj2tE9S,0,Female,Western (European),Several,Several,5,1,1,Male,153041,BrightStarAM,q1,5.173635317133427,0.0290914564048619,111,A
1092,153041_261_bright,R_2fNU6Uu5m30kv5q,1,Male,Western (European),A few,A few,5,2,1,Male,153041,BrightStarAM,q1,5.173635317133427,0.0290914564048619,111,A
1093,153041_261_bright,R_2YS6VK8KYD8YiUb,1,Female,Western (European),Many,Many,5,3,1,Male,153041,BrightStarAM,q1,5.173635317133427,0.0290914564048619,111,A
1094,153041_261_bright,R_32IRj0G5KtBCNjf,1,Male,Western (European),A few,A few,5,2,1,Male,153041,BrightStarAM,q1,5.173635317133427,0.0290914564048619,111,A
1095,24849_23_dark_batman,R_24e0Tz3OzhRLJyS,0,Male,Western (European),Many,Many,5,3,1,Male,24849,TheDarkKnightHM,q2,7.068616633718505,0.0401058199942363,10,H
1096,24849_23_dark_batman,R_1QMS3pmCmj2tE9S,0,Female,Western (European),Several,Several,5,3,3,Male,24849,TheDarkKnightHM,q2,7.068616633718505,0.0401058199942363,10,H
1097,24849_23_dark_batman,R_2fNU6Uu5m30kv5q,1,Male,Western (European),A few,A few,5,5,1,Male,24849,TheDarkKnightHM,q2,7.068616633718505,0.0401058199942363,10,H
1098,24849_23_dark_batman,R_2YS6VK8KYD8YiUb,1,Female,Western (European),Many,Many,5,2,2,Male,24849,TheDarkKnightHM,q2,7.068616633718505,0.0401058199942363,10,H
1099,24849_23_dark_batman,R_32IRj0G5KtBCNjf,1,Male,Western (European),A few,A few,5,2,2,Male,24849,TheDarkKnightHM,q2,7.068616633718505,0.0401058199942363,10,H
1100,19465_11_dark_batman,R_24e0Tz3OzhRLJyS,0,Male,Western (European),Many,Many,5,4,1,Male,19465,TheDarkKnightHM,q4,12.209173811698616,0.0705769221269596,7,H
1101,19465_11_dark_batman,R_1QMS3pmCmj2tE9S,0,Female,Western (European),Several,Several,5,4,1,Male,19465,TheDarkKnightHM,q4,12.209173811698616,0.0705769221269596,7,H
1102,19465_11_dark_batman,R_2fNU6Uu5m30kv5q,1,Male,Western (European),A few,A few,5,3,2,Male,19465,TheDarkKnightHM,q4,12.209173811698616,0.0705769221269596,7,H
1103,19465_11_dark_batman,R_2YS6VK8KYD8YiUb,1,Female,Western (European),Many,Many,5,3,2,Male,19465,TheDarkKnightHM,q4,12.209173811698616,0.0705769221269596,7,H
1104,19465_11_dark_batman,R_32IRj0G5KtBCNjf,1,Male,Western (European),A few,A few,5,2,1,Male,19465,TheDarkKnightHM,q4,12.209173811698616,0.0705769221269596,7,H
1105,46329_80_bright,R_24e0Tz3OzhRLJyS,0,Male,Western (European),Many,Many,5,3,1,Female,46329,BrightStarAM,q1,2.5192491962509544,0.0133087786472421,37,A
1106,46329_80_bright,R_1QMS3pmCmj2tE9S,0,Female,Western (European),Several,Several,5,4,2,Female,46329,BrightStarAM,q1,2.5192491962509544,0.0133087786472421,37,A
1107,46329_80_bright,R_2fNU6Uu5m30kv5q,1,Male,Western (European),A few,A few,5,3,2,Female,46329,BrightStarAM,q1,2.5192491962509544,0.0133087786472421,37,A
1108,46329_80_bright,R_2YS6VK8KYD8YiUb,1,Female,Western (European),Many,Many,5,3,1,Female,46329,BrightStarAM,q1,2.5192491962509544,0.0133087786472421,37,A
1109,46329_80_bright,R_32IRj0G5KtBCNjf,1,Male,Western (European),A few,A few,5,3,1,Female,46329,BrightStarAM,q1,2.5192491962509544,0.0133087786472421,37,A
1110,77561_216_newyork,R_24e0Tz3OzhRLJyS,0,Male,Western (European),Many,Many,5,4,1,Male,77561,SynecdocheAM,q4,13.412328117049848,0.0806319037919738,82,A
1111,77561_216_newyork,R_1QMS3pmCmj2tE9S,0,Female,Western (European),Several,Several,5,2,4,Male,77561,SynecdocheAM,q4,13.412328117049848,0.0806319037919738,82,A
1112,77561_216_newyork,R_2fNU6Uu5m30kv5q,1,Male,Western (European),A few,A few,5,6,5,Male,77561,SynecdocheAM,q4,13.412328117049848,0.0806319037919738,82,A
1113,77561_216_newyork,R_2YS6VK8KYD8YiUb,1,Female,Western (European),Many,Many,5,2,5,Male,77561,SynecdocheAM,q4,13.412328117049848,0.0806319037919738,82,A
1114,77561_216_newyork,R_32IRj0G5KtBCNjf,1,Male,Western (European),A few,A few,5,4,2,Male,77561,SynecdocheAM,q4,13.412328117049848,0.0806319037919738,82,A
1115,201473_286_pirates,R_24e0Tz3OzhRLJyS,0,Male,Western (European),Many,Many,5,5,3,Male,201473,PiratesOfCaribbeanHM,q2,8.249497282619972,0.0483223378109591,371,H
1116,201473_286_pirates,R_1QMS3pmCmj2tE9S,0,Female,Western (European),Several,Several,5,4,1,Male,201473,PiratesOfCaribbeanHM,q2,8.249497282619972,0.0483223378109591,371,H
1117,201473_286_pirates,R_2fNU6Uu5m30kv5q,1,Male,Western (European),A few,A few,5,5,3,Male,201473,PiratesOfCaribbeanHM,q2,8.249497282619972,0.0483223378109591,371,H
1118,201473_286_pirates,R_2YS6VK8KYD8YiUb,1,Female,Western (European),Many,Many,5,5,3,Male,201473,PiratesOfCaribbeanHM,q2,8.249497282619972,0.0483223378109591,371,H
1119,201473_286_pirates,R_32IRj0G5KtBCNjf,1,Male,Western (European),A few,A few,5,5,1,Male,201473,PiratesOfCaribbeanHM,q2,8.249497282619972,0.0483223378109591,371,H
1120,137958_320_allornothing,R_24e0Tz3OzhRLJyS,0,Male,Western (European),Many,Many,5,5,1,Female,137958,AllOrNothingAM,q1,4.336182505866557,0.0241650898242407,140,A
1121,137958_320_allornothing,R_1QMS3pmCmj2tE9S,0,Female,Western (European),Several,Several,5,3,1,Female,137958,AllOrNothingAM,q1,4.336182505866557,0.0241650898242407,140,A
1122,137958_320_allornothing,R_2fNU6Uu5m30kv5q,1,Male,Western (European),A few,A few,5,5,1,Female,137958,AllOrNothingAM,q1,4.336182505866557,0.0241650898242407,140,A
1123,137958_320_allornothing,R_2YS6VK8KYD8YiUb,1,Female,Western (European),Many,Many,5,5,2,Female,137958,AllOrNothingAM,q1,4.336182505866557,0.0241650898242407,140,A
1124,137958_320_allornothing,R_32IRj0G5KtBCNjf,1,Male,Western (European),A few,A few,5,4,2,Female,137958,AllOrNothingAM,q1,4.336182505866557,0.0241650898242407,140,A
1125,49509_64_clean,R_24e0Tz3OzhRLJyS,0,Male,Western (European),Many,Many,5,3,1,Male,49509,CleanAM,q1,2.6346167968061707,0.0145540695934997,35,A
1126,49509_64_clean,R_1QMS3pmCmj2tE9S,0,Female,Western (European),Several,Several,5,3,1,Male,49509,CleanAM,q1,2.6346167968061707,0.0145540695934997,35,A
1127,49509_64_clean,R_2fNU6Uu5m30kv5q,1,Male,Western (European),A few,A few,5,3,1,Male,49509,CleanAM,q1,2.6346167968061707,0.0145540695934997,35,A
1128,49509_64_clean,R_2YS6VK8KYD8YiUb,1,Female,Western (European),Many,Many,5,2,3,Male,49509,CleanAM,q1,2.6346167968061707,0.0145540695934997,35,A
1129,49509_64_clean,R_32IRj0G5KtBCNjf,1,Male,Western (European),A few,A few,5,2,1,Male,49509,CleanAM,q1,2.6346167968061707,0.0145540695934997,35,A
1130,68529_184_newyork,R_24e0Tz3OzhRLJyS,0,Male,Western (European),Many,Many,5,5,2,Female,68529,SynecdocheAM,q2,8.250075870768278,0.0466988156863027,73,A
1131,68529_184_newyork,R_1QMS3pmCmj2tE9S,0,Female,Western (European),Several,Several,5,3,3,Female,68529,SynecdocheAM,q2,8.250075870768278,0.0466988156863027,73,A
1132,68529_184_newyork,R_2fNU6Uu5m30kv5q,1,Male,Western (European),A few,A few,5,6,5,Female,68529,SynecdocheAM,q2,8.250075870768278,0.0466988156863027,73,A
1133,68529_184_newyork,R_2YS6VK8KYD8YiUb,1,Female,Western (European),Many,Many,5,5,3,Female,68529,SynecdocheAM,q2,8.250075870768278,0.0466988156863027,73,A
1134,68529_184_newyork,R_32IRj0G5KtBCNjf,1,Male,Western (European),A few,A few,5,4,3,Female,68529,SynecdocheAM,q2,8.250075870768278,0.0466988156863027,73,A
1135,26713_53_monster,R_24e0Tz3OzhRLJyS,0,Male,Western (European),Many,Many,5,4,2,Female,26713,MonsterInLawHM,q2,7.270922825811585,0.0421165893978336,29,H
1136,26713_53_monster,R_1QMS3pmCmj2tE9S,0,Female,Western (European),Several,Several,5,4,2,Female,26713,MonsterInLawHM,q2,7.270922825811585,0.0421165893978336,29,H
1137,26713_53_monster,R_2fNU6Uu5m30kv5q,1,Male,Western (European),A few,A few,5,4,1,Female,26713,MonsterInLawHM,q2,7.270922825811585,0.0421165893978336,29,H
1138,26713_53_monster,R_2YS6VK8KYD8YiUb,1,Female,Western (European),Many,Many,5,4,6,Female,26713,MonsterInLawHM,q2,7.270922825811585,0.0421165893978336,29,H
1139,26713_53_monster,R_32IRj0G5KtBCNjf,1,Male,Western (European),A few,A few,5,2,4,Female,26713,MonsterInLawHM,q2,7.270922825811585,0.0421165893978336,29,H
1140,153561_229_pirates,R_24e0Tz3OzhRLJyS,0,Male,Western (European),Many,Many,5,3,2,Male,153561,PiratesOfCaribbeanHM,q2,10.28156146654631,0.0589813948126858,298,H
1141,153561_229_pirates,R_1QMS3pmCmj2tE9S,0,Female,Western (European),Several,Several,5,4,3,Male,153561,PiratesOfCaribbeanHM,q2,10.28156146654631,0.0589813948126858,298,H
1142,153561_229_pirates,R_2fNU6Uu5m30kv5q,1,Male,Western (European),A few,A few,5,5,2,Male,153561,PiratesOfCaribbeanHM,q2,10.28156146654631,0.0589813948126858,298,H
1143,153561_229_pirates,R_2YS6VK8KYD8YiUb,1,Female,Western (European),Many,Many,5,3,3,Male,153561,PiratesOfCaribbeanHM,q2,10.28156146654631,0.0589813948126858,298,H
1144,153561_229_pirates,R_32IRj0G5KtBCNjf,1,Male,Western (European),A few,A few,5,4,3,Male,153561,PiratesOfCaribbeanHM,q2,10.28156146654631,0.0589813948126858,298,H
1145,153281_262_bright,R_24e0Tz3OzhRLJyS,0,Male,Western (European),Many,Many,5,2,1,Male,153281,BrightStarAM,q1,4.830372015759437,0.0266910129250358,112,A
1146,153281_262_bright,R_1QMS3pmCmj2tE9S,0,Female,Western (European),Several,Several,5,2,1,Male,153281,BrightStarAM,q1,4.830372015759437,0.0266910129250358,112,A
1147,153281_262_bright,R_2fNU6Uu5m30kv5q,1,Male,Western (European),A few,A few,5,3,1,Male,153281,BrightStarAM,q1,4.830372015759437,0.0266910129250358,112,A
1148,153281_262_bright,R_2YS6VK8KYD8YiUb,1,Female,Western (European),Many,Many,5,3,1,Male,153281,BrightStarAM,q1,4.830372015759437,0.0266910129250358,112,A
1149,153281_262_bright,R_32IRj0G5KtBCNjf,1,Male,Western (European),A few,A few,5,1,1,Male,153281,BrightStarAM,q1,4.830372015759437,0.0266910129250358,112,A
1150,168793_445_newyork,R_24e0Tz3OzhRLJyS,0,Male,Western (European),Many,Many,5,6,3,Female,168793,SynecdocheAM,q1,4.460508183957836,0.0251253165320393,161,A
1151,168793_445_newyork,R_1QMS3pmCmj2tE9S,0,Female,Western (European),Several,Several,5,4,2,Female,168793,SynecdocheAM,q1,4.460508183957836,0.0251253165320393,161,A
1152,168793_445_newyork,R_2fNU6Uu5m30kv5q,1,Male,Western (European),A few,A few,5,4,3,Female,168793,SynecdocheAM,q1,4.460508183957836,0.0251253165320393,161,A
1153,168793_445_newyork,R_2YS6VK8KYD8YiUb,1,Female,Western (European),Many,Many,5,3,3,Female,168793,SynecdocheAM,q1,4.460508183957836,0.0251253165320393,161,A
1154,168793_445_newyork,R_32IRj0G5KtBCNjf,1,Male,Western (European),A few,A few,5,3,4,Female,168793,SynecdocheAM,q1,4.460508183957836,0.0251253165320393,161,A
1155,97217_215_click,R_24e0Tz3OzhRLJyS,0,Male,Western (European),Many,Many,5,3,1,Male,97217,ClickHM,q4,13.987403948197205,0.0823058114814006,372,H
1156,97217_215_click,R_1QMS3pmCmj2tE9S,0,Female,Western (European),Several,Several,5,4,1,Male,97217,ClickHM,q4,13.987403948197205,0.0823058114814006,372,H
1157,97217_215_click,R_2fNU6Uu5m30kv5q,1,Male,Western (European),A few,A few,5,5,1,Male,97217,ClickHM,q4,13.987403948197205,0.0823058114814006,372,H
1158,97217_215_click,R_2YS6VK8KYD8YiUb,1,Female,Western (European),Many,Many,5,5,5,Male,97217,ClickHM,q4,13.987403948197205,0.0823058114814006,372,H
1159,97217_215_click,R_32IRj0G5KtBCNjf,1,Male,Western (European),A few,A few,5,4,2,Male,97217,ClickHM,q4,13.987403948197205,0.0823058114814006,372,H
1160,134697_242_dark_batman,R_24e0Tz3OzhRLJyS,0,Male,Western (European),Many,Many,5,4,1,Male,134697,TheDarkKnightHM,q2,7.675151630531849,0.0472396213939861,78,H
1161,134697_242_dark_batman,R_1QMS3pmCmj2tE9S,0,Female,Western (European),Several,Several,5,4,4,Male,134697,TheDarkKnightHM,q2,7.675151630531849,0.0472396213939861,78,H
1162,134697_242_dark_batman,R_2fNU6Uu5m30kv5q,1,Male,Western (European),A few,A few,5,5,3,Male,134697,TheDarkKnightHM,q2,7.675151630531849,0.0472396213939861,78,H
1163,134697_242_dark_batman,R_2YS6VK8KYD8YiUb,1,Female,Western (European),Many,Many,5,3,2,Male,134697,TheDarkKnightHM,q2,7.675151630531849,0.0472396213939861,78,H
1164,134697_242_dark_batman,R_32IRj0G5KtBCNjf,1,Male,Western (European),A few,A few,5,2,4,Male,134697,TheDarkKnightHM,q2,7.675151630531849,0.0472396213939861,78,H
1165,115570_269_allornothing,R_24e0Tz3OzhRLJyS,0,Male,Western (European),Many,Many,5,6,1,Male,115570,AllOrNothingAM,q3,9.858050080979757,0.0602642234962273,120,A
1166,115570_269_allornothing,R_1QMS3pmCmj2tE9S,0,Female,Western (European),Several,Several,5,4,1,Male,115570,AllOrNothingAM,q3,9.858050080979757,0.0602642234962273,120,A
1167,115570_269_allornothing,R_2fNU6Uu5m30kv5q,1,Male,Western (European),A few,A few,5,3,1,Male,115570,AllOrNothingAM,q3,9.858050080979757,0.0602642234962273,120,A
1168,115570_269_allornothing,R_2YS6VK8KYD8YiUb,1,Female,Western (European),Many,Many,5,2,1,Male,115570,AllOrNothingAM,q3,9.858050080979757,0.0602642234962273,120,A
1169,115570_269_allornothing,R_32IRj0G5KtBCNjf,1,Male,Western (European),A few,A few,5,2,1,Male,115570,AllOrNothingAM,q3,9.858050080979757,0.0602642234962273,120,A
1170,44121_80_pirates,R_24e0Tz3OzhRLJyS,0,Male,Western (European),Many,Many,5,4,2,Male,44121,PiratesOfCaribbeanHM,q4,12.876703946799031,0.0756726375372454,339,H
1171,44121_80_pirates,R_1QMS3pmCmj2tE9S,0,Female,Western (European),Several,Several,5,4,2,Male,44121,PiratesOfCaribbeanHM,q4,12.876703946799031,0.0756726375372454,339,H
1172,44121_80_pirates,R_2fNU6Uu5m30kv5q,1,Male,Western (European),A few,A few,5,6,5,Male,44121,PiratesOfCaribbeanHM,q4,12.876703946799031,0.0756726375372454,339,H
1173,44121_80_pirates,R_2YS6VK8KYD8YiUb,1,Female,Western (European),Many,Many,5,4,6,Male,44121,PiratesOfCaribbeanHM,q4,12.876703946799031,0.0756726375372454,339,H
1174,44121_80_pirates,R_32IRj0G5KtBCNjf,1,Male,Western (European),A few,A few,5,3,4,Male,44121,PiratesOfCaribbeanHM,q4,12.876703946799031,0.0756726375372454,339,H
1175,37561_70_allornothing,R_24e0Tz3OzhRLJyS,0,Male,Western (European),Many,Many,5,5,1,Female,37561,AllOrNothingAM,q2,7.648059076644664,0.0424386589746234,19,A
1176,37561_70_allornothing,R_1QMS3pmCmj2tE9S,0,Female,Western (European),Several,Several,5,4,2,Female,37561,AllOrNothingAM,q2,7.648059076644664,0.0424386589746234,19,A
1177,37561_70_allornothing,R_2fNU6Uu5m30kv5q,1,Male,Western (European),A few,A few,5,4,3,Female,37561,AllOrNothingAM,q2,7.648059076644664,0.0424386589746234,19,A
1178,37561_70_allornothing,R_2YS6VK8KYD8YiUb,1,Female,Western (European),Many,Many,5,3,2,Female,37561,AllOrNothingAM,q2,7.648059076644664,0.0424386589746234,19,A
1179,37561_70_allornothing,R_32IRj0G5KtBCNjf,1,Male,Western (European),A few,A few,5,3,2,Female,37561,AllOrNothingAM,q2,7.648059076644664,0.0424386589746234,19,A
1180,35817_72_monster,R_24e0Tz3OzhRLJyS,0,Male,Western (European),Many,Many,5,5,3,Male,35817,MonsterInLawHM,q1,4.848159005244317,0.0266141096566678,43,H
1181,35817_72_monster,R_1QMS3pmCmj2tE9S,0,Female,Western (European),Several,Several,5,2,4,Male,35817,MonsterInLawHM,q1,4.848159005244317,0.0266141096566678,43,H
1182,35817_72_monster,R_2fNU6Uu5m30kv5q,1,Male,Western (European),A few,A few,5,6,6,Male,35817,MonsterInLawHM,q1,4.848159005244317,0.0266141096566678,43,H
1183,35817_72_monster,R_2YS6VK8KYD8YiUb,1,Female,Western (European),Many,Many,5,2,4,Male,35817,MonsterInLawHM,q1,4.848159005244317,0.0266141096566678,43,H
1184,35817_72_monster,R_32IRj0G5KtBCNjf,1,Male,Western (European),A few,A few,5,2,4,Male,35817,MonsterInLawHM,q1,4.848159005244317,0.0266141096566678,43,H
1185,45897_78_bright,R_24e0Tz3OzhRLJyS,0,Male,Western (European),Many,Many,5,5,3,Female,45897,BrightStarAM,q1,2.4017749171326,0.0131683575142939,36,A
1186,45897_78_bright,R_1QMS3pmCmj2tE9S,0,Female,Western (European),Several,Several,5,4,3,Female,45897,BrightStarAM,q1,2.4017749171326,0.0131683575142939,36,A
1187,45897_78_bright,R_2fNU6Uu5m30kv5q,1,Male,Western (European),A few,A few,5,4,2,Female,45897,BrightStarAM,q1,2.4017749171326,0.0131683575142939,36,A
1188,45897_78_bright,R_2YS6VK8KYD8YiUb,1,Female,Western (European),Many,Many,5,4,4,Female,45897,BrightStarAM,q1,2.4017749171326,0.0131683575142939,36,A
1189,45897_78_bright,R_32IRj0G5KtBCNjf,1,Male,Western (European),A few,A few,5,3,2,Female,45897,BrightStarAM,q1,2.4017749171326,0.0131683575142939,36,A
1190,44909_132_copy,R_24e0Tz3OzhRLJyS,0,Male,Western (European),Many,Many,5,5,1,Female,44909,CertifiedCopyAM,q4,10.061454821443895,0.062370814239306,56,A
1191,44909_132_copy,R_1QMS3pmCmj2tE9S,0,Female,Western (European),Several,Several,5,4,2,Female,44909,CertifiedCopyAM,q4,10.061454821443895,0.062370814239306,56,A
1192,44909_132_copy,R_2fNU6Uu5m30kv5q,1,Male,Western (European),A few,A few,5,6,2,Female,44909,CertifiedCopyAM,q4,10.061454821443895,0.062370814239306,56,A
1193,44909_132_copy,R_2YS6VK8KYD8YiUb,1,Female,Western (European),Many,Many,5,5,2,Female,44909,CertifiedCopyAM,q4,10.061454821443895,0.062370814239306,56,A
1194,44909_132_copy,R_32IRj0G5KtBCNjf,1,Male,Western (European),A few,A few,5,6,4,Female,44909,CertifiedCopyAM,q4,10.061454821443895,0.062370814239306,56,A
1195,183633_249_pirates,R_24e0Tz3OzhRLJyS,0,Male,Western (European),Many,Many,5,5,3,Male,183633,PiratesOfCaribbeanHM,q4,11.453771341615294,0.0676545358714622,326,H
1196,183633_249_pirates,R_1QMS3pmCmj2tE9S,0,Female,Western (European),Several,Several,5,4,5,Male,183633,PiratesOfCaribbeanHM,q4,11.453771341615294,0.0676545358714622,326,H
1197,183633_249_pirates,R_2fNU6Uu5m30kv5q,1,Male,Western (European),A few,A few,5,6,3,Male,183633,PiratesOfCaribbeanHM,q4,11.453771341615294,0.0676545358714622,326,H
1198,183633_249_pirates,R_2YS6VK8KYD8YiUb,1,Female,Western (European),Many,Many,5,2,3,Male,183633,PiratesOfCaribbeanHM,q4,11.453771341615294,0.0676545358714622,326,H
1199,183633_249_pirates,R_32IRj0G5KtBCNjf,1,Male,Western (European),A few,A few,5,5,4,Male,183633,PiratesOfCaribbeanHM,q4,11.453771341615294,0.0676545358714622,326,H
1200,29377_56_click,R_24e0Tz3OzhRLJyS,0,Male,Western (European),Many,Many,5,3,2,Male,29377,ClickHM,q2,7.492498548296855,0.041676258952572,534,H
1201,29377_56_click,R_1QMS3pmCmj2tE9S,0,Female,Western (European),Several,Several,5,2,1,Male,29377,ClickHM,q2,7.492498548296855,0.041676258952572,534,H
1202,29377_56_click,R_2fNU6Uu5m30kv5q,1,Male,Western (European),A few,A few,5,4,3,Male,29377,ClickHM,q2,7.492498548296855,0.041676258952572,534,H
1203,29377_56_click,R_2YS6VK8KYD8YiUb,1,Female,Western (European),Many,Many,5,3,4,Male,29377,ClickHM,q2,7.492498548296855,0.041676258952572,534,H
1204,29377_56_click,R_32IRj0G5KtBCNjf,1,Male,Western (European),A few,A few,5,3,2,Male,29377,ClickHM,q2,7.492498548296855,0.041676258952572,534,H
1205,171337_451_newyork,R_24e0Tz3OzhRLJyS,0,Male,Western (European),Many,Many,5,5,3,Male,171337,SynecdocheAM,q3,9.74518713139424,0.0573200898031161,164,A
1206,171337_451_newyork,R_1QMS3pmCmj2tE9S,0,Female,Western (European),Several,Several,5,4,1,Male,171337,SynecdocheAM,q3,9.74518713139424,0.0573200898031161,164,A
1207,171337_451_newyork,R_2fNU6Uu5m30kv5q,1,Male,Western (European),A few,A few,5,4,2,Male,171337,SynecdocheAM,q3,9.74518713139424,0.0573200898031161,164,A
1208,171337_451_newyork,R_2YS6VK8KYD8YiUb,1,Female,Western (European),Many,Many,5,4,2,Male,171337,SynecdocheAM,q3,9.74518713139424,0.0573200898031161,164,A
1209,171337_451_newyork,R_32IRj0G5KtBCNjf,1,Male,Western (European),A few,A few,5,1,2,Male,171337,SynecdocheAM,q3,9.74518713139424,0.0573200898031161,164,A
1210,104460_220_monster,R_24e0Tz3OzhRLJyS,0,Male,Western (European),Many,Many,5,3,1,Female,104460,MonsterInLawHM,q1,4.50819547208887,0.0255520658917607,118,H
1211,104460_220_monster,R_1QMS3pmCmj2tE9S,0,Female,Western (European),Several,Several,5,4,4,Female,104460,MonsterInLawHM,q1,4.50819547208887,0.0255520658917607,118,H
1212,104460_220_monster,R_2fNU6Uu5m30kv5q,1,Male,Western (European),A few,A few,5,6,3,Female,104460,MonsterInLawHM,q1,4.50819547208887,0.0255520658917607,118,H
1213,104460_220_monster,R_2YS6VK8KYD8YiUb,1,Female,Western (European),Many,Many,5,5,4,Female,104460,MonsterInLawHM,q1,4.50819547208887,0.0255520658917607,118,H
1214,104460_220_monster,R_32IRj0G5KtBCNjf,1,Male,Western (European),A few,A few,5,3,1,Female,104460,MonsterInLawHM,q1,4.50819547208887,0.0255520658917607,118,H
1215,131409_219_clean,R_24e0Tz3OzhRLJyS,0,Male,Western (European),Many,Many,5,4,2,Female,131409,CleanAM,q2,6.5798313127297225,0.0362212995342537,139,A
1216,131409_219_clean,R_1QMS3pmCmj2tE9S,0,Female,Western (European),Several,Several,5,3,4,Female,131409,CleanAM,q2,6.5798313127297225,0.0362212995342537,139,A
1217,131409_219_clean,R_2fNU6Uu5m30kv5q,1,Male,Western (European),A few,A few,5,5,5,Female,131409,CleanAM,q2,6.5798313127297225,0.0362212995342537,139,A
1218,131409_219_clean,R_2YS6VK8KYD8YiUb,1,Female,Western (European),Many,Many,5,2,4,Female,131409,CleanAM,q2,6.5798313127297225,0.0362212995342537,139,A
1219,131409_219_clean,R_32IRj0G5KtBCNjf,1,Male,Western (European),A few,A few,5,2,2,Female,131409,CleanAM,q2,6.5798313127297225,0.0362212995342537,139,A
1220,97185_222_allornothing,R_24e0Tz3OzhRLJyS,0,Male,Western (European),Many,Many,5,6,1,Male,97185,AllOrNothingAM,q4,17.049830368395817,0.1052939486908995,82,A
1221,97185_222_allornothing,R_1QMS3pmCmj2tE9S,0,Female,Western (European),Several,Several,5,3,1,Male,97185,AllOrNothingAM,q4,17.049830368395817,0.1052939486908995,82,A
1222,97185_222_allornothing,R_2fNU6Uu5m30kv5q,1,Male,Western (European),A few,A few,5,6,1,Male,97185,AllOrNothingAM,q4,17.049830368395817,0.1052939486908995,82,A
1223,97185_222_allornothing,R_2YS6VK8KYD8YiUb,1,Female,Western (European),Many,Many,5,4,2,Male,97185,AllOrNothingAM,q4,17.049830368395817,0.1052939486908995,82,A
1224,97185_222_allornothing,R_32IRj0G5KtBCNjf,1,Male,Western (European),A few,A few,5,3,1,Male,97185,AllOrNothingAM,q4,17.049830368395817,0.1052939486908995,82,A
1225,156647_257_clean,R_24e0Tz3OzhRLJyS,0,Male,Western (European),Many,Many,5,2,1,Female,156647,CleanAM,q2,7.700604936332289,0.0456497296824818,167,A
1226,156647_257_clean,R_1QMS3pmCmj2tE9S,0,Female,Western (European),Several,Several,5,2,2,Female,156647,CleanAM,q2,7.700604936332289,0.0456497296824818,167,A
1227,156647_257_clean,R_2fNU6Uu5m30kv5q,1,Male,Western (European),A few,A few,5,5,2,Female,156647,CleanAM,q2,7.700604936332289,0.0456497296824818,167,A
1228,156647_257_clean,R_2YS6VK8KYD8YiUb,1,Female,Western (European),Many,Many,5,1,3,Female,156647,CleanAM,q2,7.700604936332289,0.0456497296824818,167,A
1229,156647_257_clean,R_32IRj0G5KtBCNjf,1,Male,Western (European),A few,A few,5,2,1,Female,156647,CleanAM,q2,7.700604936332289,0.0456497296824818,167,A
1230,95246_213_click,R_24e0Tz3OzhRLJyS,0,Male,Western (European),Many,Many,5,4,3,Female,95246,ClickHM,q2,5.898327871419058,0.0332778103992832,368,H
1231,95246_213_click,R_1QMS3pmCmj2tE9S,0,Female,Western (European),Several,Several,5,4,3,Female,95246,ClickHM,q2,5.898327871419058,0.0332778103992832,368,H
1232,95246_213_click,R_2fNU6Uu5m30kv5q,1,Male,Western (European),A few,A few,5,6,2,Female,95246,ClickHM,q2,5.898327871419058,0.0332778103992832,368,H
1233,95246_213_click,R_2YS6VK8KYD8YiUb,1,Female,Western (European),Many,Many,5,3,3,Female,95246,ClickHM,q2,5.898327871419058,0.0332778103992832,368,H
1234,95246_213_click,R_32IRj0G5KtBCNjf,1,Male,Western (European),A few,A few,5,4,4,Female,95246,ClickHM,q2,5.898327871419058,0.0332778103992832,368,H
1235,128880_232_dark_batman,R_24e0Tz3OzhRLJyS,0,Male,Western (European),Many,Many,5,5,3,Male,128880,TheDarkKnightHM,q4,14.631547806592582,0.091190298772494,73,H
1236,128880_232_dark_batman,R_1QMS3pmCmj2tE9S,0,Female,Western (European),Several,Several,5,4,3,Male,128880,TheDarkKnightHM,q4,14.631547806592582,0.091190298772494,73,H
1237,128880_232_dark_batman,R_2fNU6Uu5m30kv5q,1,Male,Western (European),A few,A few,5,6,4,Male,128880,TheDarkKnightHM,q4,14.631547806592582,0.091190298772494,73,H
1238,128880_232_dark_batman,R_2YS6VK8KYD8YiUb,1,Female,Western (European),Many,Many,5,5,6,Male,128880,TheDarkKnightHM,q4,14.631547806592582,0.091190298772494,73,H
1239,128880_232_dark_batman,R_32IRj0G5KtBCNjf,1,Male,Western (European),A few,A few,5,5,3,Male,128880,TheDarkKnightHM,q4,14.631547806592582,0.091190298772494,73,H
1240,76505_107_clean,R_24e0Tz3OzhRLJyS,0,Male,Western (European),Many,Many,5,3,1,Female,76505,CleanAM,q1,4.993298844367283,0.0272794134557413,61,A
1241,76505_107_clean,R_1QMS3pmCmj2tE9S,0,Female,Western (European),Several,Several,5,4,2,Male,76505,CleanAM,q1,4.993298844367283,0.0272794134557413,61,A
1242,76505_107_clean,R_2fNU6Uu5m30kv5q,1,Male,Western (European),A few,A few,5,5,1,Female,76505,CleanAM,q1,4.993298844367283,0.0272794134557413,61,A
1243,76505_107_clean,R_2YS6VK8KYD8YiUb,1,Female,Western (European),Many,Many,5,5,2,Female,76505,CleanAM,q1,4.993298844367283,0.0272794134557413,61,A
1244,76505_107_clean,R_32IRj0G5KtBCNjf,1,Male,Western (European),A few,A few,5,5,2,Female,76505,CleanAM,q1,4.993298844367283,0.0272794134557413,61,A
1245,69906_101_clean,R_24e0Tz3OzhRLJyS,0,Male,Western (European),Many,Many,5,3,1,Female,69906,CleanAM,q2,6.489748014089532,0.0362367284025451,55,A
1246,69906_101_clean,R_1QMS3pmCmj2tE9S,0,Female,Western (European),Several,Several,5,5,3,I cannot tell,69906,CleanAM,q2,6.489748014089532,0.0362367284025451,55,A
1247,69906_101_clean,R_2fNU6Uu5m30kv5q,1,Male,Western (European),A few,A few,5,5,1,Female,69906,CleanAM,q2,6.489748014089532,0.0362367284025451,55,A
1248,69906_101_clean,R_2YS6VK8KYD8YiUb,1,Female,Western (European),Many,Many,5,3,1,Female,69906,CleanAM,q2,6.489748014089532,0.0362367284025451,55,A
1249,69906_101_clean,R_32IRj0G5KtBCNjf,1,Male,Western (European),A few,A few,5,4,2,Female,69906,CleanAM,q2,6.489748014089532,0.0362367284025451,55,A
1250,147353_234_clean,R_24e0Tz3OzhRLJyS,0,Male,Western (European),Many,Many,5,4,5,Female,147353,CleanAM,q3,9.276333841885586,0.0540030638056429,149,A
1251,147353_234_clean,R_1QMS3pmCmj2tE9S,0,Female,Western (European),Several,Several,5,3,4,Male,147353,CleanAM,q3,9.276333841885586,0.0540030638056429,149,A
1252,147353_234_clean,R_2fNU6Uu5m30kv5q,1,Male,Western (European),A few,A few,5,6,7,Female,147353,CleanAM,q3,9.276333841885586,0.0540030638056429,149,A
1253,147353_234_clean,R_2YS6VK8KYD8YiUb,1,Female,Western (European),Many,Many,5,4,5,Female,147353,CleanAM,q3,9.276333841885586,0.0540030638056429,149,A
1254,147353_234_clean,R_32IRj0G5KtBCNjf,1,Male,Western (European),A few,A few,5,3,6,Female,147353,CleanAM,q3,9.276333841885586,0.0540030638056429,149,A
1255,5102_4_newyork,R_24e0Tz3OzhRLJyS,0,Male,Western (European),Many,Many,5,3,1,Male,5102,SynecdocheAM,q4,14.56908273491586,0.0891240174112394,1,A
1256,5102_4_newyork,R_1QMS3pmCmj2tE9S,0,Female,Western (European),Several,Several,5,3,2,Male,5102,SynecdocheAM,q4,14.56908273491586,0.0891240174112394,1,A
1257,5102_4_newyork,R_2fNU6Uu5m30kv5q,1,Male,Western (European),A few,A few,5,3,1,Male,5102,SynecdocheAM,q4,14.56908273491586,0.0891240174112394,1,A
1258,5102_4_newyork,R_2YS6VK8KYD8YiUb,1,Female,Western (European),Many,Many,5,1,2,Male,5102,SynecdocheAM,q4,14.56908273491586,0.0891240174112394,1,A
1259,5102_4_newyork,R_32IRj0G5KtBCNjf,1,Male,Western (European),A few,A few,5,1,2,Male,5102,SynecdocheAM,q4,14.56908273491586,0.0891240174112394,1,A
1260,133825_226_spider,R_24e0Tz3OzhRLJyS,0,Male,Western (European),Many,Many,5,6,1,Male,133825,SpiderAM,q2,5.940674576530127,0.032392709126918,106,A
1261,133825_226_spider,R_1QMS3pmCmj2tE9S,0,Female,Western (European),Several,Several,5,4,1,Male,133825,SpiderAM,q2,5.940674576530127,0.032392709126918,106,A
1262,133825_226_spider,R_2fNU6Uu5m30kv5q,1,Male,Western (European),A few,A few,5,4,1,Male,133825,SpiderAM,q2,5.940674576530127,0.032392709126918,106,A
1263,133825_226_spider,R_2YS6VK8KYD8YiUb,1,Female,Western (European),Many,Many,5,1,1,Male,133825,SpiderAM,q2,5.940674576530127,0.032392709126918,106,A
1264,133825_226_spider,R_32IRj0G5KtBCNjf,1,Male,Western (European),A few,A few,5,4,1,Male,133825,SpiderAM,q2,5.940674576530127,0.032392709126918,106,A
1265,190553_318_dark_batman,R_24e0Tz3OzhRLJyS,0,Male,Western (European),Many,Many,5,4,2,Male,190553,TheDarkKnightHM,q3,10.206458367668477,0.0588121779359268,111,H
1266,190553_318_dark_batman,R_1QMS3pmCmj2tE9S,0,Female,Western (European),Several,Several,5,4,5,Male,190553,TheDarkKnightHM,q3,10.206458367668477,0.0588121779359268,111,H
1267,190553_318_dark_batman,R_2fNU6Uu5m30kv5q,1,Male,Western (European),A few,A few,5,3,4,Male,190553,TheDarkKnightHM,q3,10.206458367668477,0.0588121779359268,111,H
1268,190553_318_dark_batman,R_2YS6VK8KYD8YiUb,1,Female,Western (European),Many,Many,5,2,4,Male,190553,TheDarkKnightHM,q3,10.206458367668477,0.0588121779359268,111,H
1269,190553_318_dark_batman,R_32IRj0G5KtBCNjf,1,Male,Western (European),A few,A few,5,4,3,Male,190553,TheDarkKnightHM,q3,10.206458367668477,0.0588121779359268,111,H
1270,99585_177_spider,R_24e0Tz3OzhRLJyS,0,Male,Western (European),Many,Many,5,5,3,Male,99585,SpiderAM,q4,11.38045856545711,0.0698544702071163,81,A
1271,99585_177_spider,R_1QMS3pmCmj2tE9S,0,Female,Western (European),Several,Several,5,4,2,Male,99585,SpiderAM,q4,11.38045856545711,0.0698544702071163,81,A
1272,99585_177_spider,R_2fNU6Uu5m30kv5q,1,Male,Western (European),A few,A few,5,6,3,Male,99585,SpiderAM,q4,11.38045856545711,0.0698544702071163,81,A
1273,99585_177_spider,R_2YS6VK8KYD8YiUb,1,Female,Western (European),Many,Many,5,3,2,Male,99585,SpiderAM,q4,11.38045856545711,0.0698544702071163,81,A
1274,99585_177_spider,R_32IRj0G5KtBCNjf,1,Male,Western (European),A few,A few,5,5,3,Male,99585,SpiderAM,q4,11.38045856545711,0.0698544702071163,81,A
1275,85425_165_dark_batman,R_24e0Tz3OzhRLJyS,0,Male,Western (European),Many,Many,5,3,1,Male,85425,TheDarkKnightHM,q4,18.02545427935764,0.1076656446868532,49,H
1276,85425_165_dark_batman,R_1QMS3pmCmj2tE9S,0,Female,Western (European),Several,Several,5,5,2,Male,85425,TheDarkKnightHM,q4,18.02545427935764,0.1076656446868532,49,H
1277,85425_165_dark_batman,R_2fNU6Uu5m30kv5q,1,Male,Western (European),A few,A few,5,4,1,Male,85425,TheDarkKnightHM,q4,18.02545427935764,0.1076656446868532,49,H
1278,85425_165_dark_batman,R_2YS6VK8KYD8YiUb,1,Female,Western (European),Many,Many,5,2,2,Male,85425,TheDarkKnightHM,q4,18.02545427935764,0.1076656446868532,49,H
1279,85425_165_dark_batman,R_32IRj0G5KtBCNjf,1,Male,Western (European),A few,A few,5,2,2,Male,85425,TheDarkKnightHM,q4,18.02545427935764,0.1076656446868532,49,H
1280,120761_213_spider,R_1awqYPZ68XvTHPA,0,Female,Other,A few,Many,6,4,5,Male,120761,SpiderAM,q2,7.117541140892398,0.0400878806154868,100,A
1281,120761_213_spider,R_206Gw6Y887aBNVO,0,Male,Middle-eastern,Many,Several,6,6,2,Male,120761,SpiderAM,q2,7.117541140892398,0.0400878806154868,100,A
1282,120761_213_spider,R_4wacmdYSCXyuK65,0,Male,Western (European),Several,Many,6,5,1,Male,120761,SpiderAM,q2,7.117541140892398,0.0400878806154868,100,A
1283,120761_213_spider,R_1dlHcrMcTrAD1Dr,0,Female,Middle-eastern,A few,Many,6,4,1,Male,120761,SpiderAM,q2,7.117541140892398,0.0400878806154868,100,A
1284,120761_213_spider,R_10jH2QHI97hrJsj,1,Female,Latin American,A few,Many,6,5,2,Male,120761,SpiderAM,q2,7.117541140892398,0.0400878806154868,100,A
1285,12969_9_spider,R_1awqYPZ68XvTHPA,0,Female,Other,A few,Many,6,5,2,Male,12969,SpiderAM,q2,8.178184725572825,0.045924417935799,4,A
1286,12969_9_spider,R_206Gw6Y887aBNVO,0,Male,Middle-eastern,Many,Several,6,5,2,Male,12969,SpiderAM,q2,8.178184725572825,0.045924417935799,4,A
1287,12969_9_spider,R_4wacmdYSCXyuK65,0,Male,Western (European),Several,Many,6,5,2,Male,12969,SpiderAM,q2,8.178184725572825,0.045924417935799,4,A
1288,12969_9_spider,R_1dlHcrMcTrAD1Dr,0,Female,Middle-eastern,A few,Many,6,3,1,Male,12969,SpiderAM,q2,8.178184725572825,0.045924417935799,4,A
1289,12969_9_spider,R_10jH2QHI97hrJsj,1,Female,Latin American,A few,Many,6,6,4,Male,12969,SpiderAM,q2,8.178184725572825,0.045924417935799,4,A
1290,99841_219_click,R_1awqYPZ68XvTHPA,0,Female,Other,A few,Many,6,4,1,Male,99841,ClickHM,q4,15.14398629659507,0.0963434568103617,380,H
1291,99841_219_click,R_206Gw6Y887aBNVO,0,Male,Middle-eastern,Many,Several,6,2,2,Male,99841,ClickHM,q4,15.14398629659507,0.0963434568103617,380,H
1292,99841_219_click,R_4wacmdYSCXyuK65,0,Male,Western (European),Several,Many,6,7,4,Male,99841,ClickHM,q4,15.14398629659507,0.0963434568103617,380,H
1293,99841_219_click,R_1dlHcrMcTrAD1Dr,0,Female,Middle-eastern,A few,Many,6,6,5,Male,99841,ClickHM,q4,15.14398629659507,0.0963434568103617,380,H
1294,99841_219_click,R_10jH2QHI97hrJsj,1,Female,Latin American,A few,Many,6,7,7,Male,99841,ClickHM,q4,15.14398629659507,0.0963434568103617,380,H
1295,143033_332_click,R_1awqYPZ68XvTHPA,0,Female,Other,A few,Many,6,3,1,Female,143033,ClickHM,q1,4.633849806772924,0.0254503597772728,598,H
1296,143033_332_click,R_206Gw6Y887aBNVO,0,Male,Middle-eastern,Many,Several,6,5,2,Female,143033,ClickHM,q1,4.633849806772924,0.0254503597772728,598,H
1297,143033_332_click,R_4wacmdYSCXyuK65,0,Male,Western (European),Several,Many,6,4,2,Female,143033,ClickHM,q1,4.633849806772924,0.0254503597772728,598,H
1298,143033_332_click,R_1dlHcrMcTrAD1Dr,0,Female,Middle-eastern,A few,Many,6,6,3,Female,143033,ClickHM,q1,4.633849806772924,0.0254503597772728,598,H
1299,143033_332_click,R_10jH2QHI97hrJsj,1,Female,Latin American,A few,Many,6,7,2,Female,143033,ClickHM,q1,4.633849806772924,0.0254503597772728,598,H
1300,114105_295_newyork,R_1awqYPZ68XvTHPA,0,Female,Other,A few,Many,6,4,2,Male,114105,SynecdocheAM,q4,14.302775127871694,0.0868481255982513,104,A
1301,114105_295_newyork,R_206Gw6Y887aBNVO,0,Male,Middle-eastern,Many,Several,6,6,2,Male,114105,SynecdocheAM,q4,14.302775127871694,0.0868481255982513,104,A
1302,114105_295_newyork,R_4wacmdYSCXyuK65,0,Male,Western (European),Several,Many,6,4,1,Male,114105,SynecdocheAM,q4,14.302775127871694,0.0868481255982513,104,A
1303,114105_295_newyork,R_1dlHcrMcTrAD1Dr,0,Female,Middle-eastern,A few,Many,6,4,1,Male,114105,SynecdocheAM,q4,14.302775127871694,0.0868481255982513,104,A
1304,114105_295_newyork,R_10jH2QHI97hrJsj,1,Female,Latin American,A few,Many,6,5,1,Male,114105,SynecdocheAM,q4,14.302775127871694,0.0868481255982513,104,A
1305,43161_61_clean,R_1awqYPZ68XvTHPA,0,Female,Other,A few,Many,6,3,2,Female,43161,CleanAM,q2,7.195921656190801,0.0401191716908177,32,A
1306,43161_61_clean,R_206Gw6Y887aBNVO,0,Male,Middle-eastern,Many,Several,6,4,2,Female,43161,CleanAM,q2,7.195921656190801,0.0401191716908177,32,A
1307,43161_61_clean,R_4wacmdYSCXyuK65,0,Male,Western (European),Several,Many,6,3,1,Female,43161,CleanAM,q2,7.195921656190801,0.0401191716908177,32,A
1308,43161_61_clean,R_1dlHcrMcTrAD1Dr,0,Female,Middle-eastern,A few,Many,6,2,1,Female,43161,CleanAM,q2,7.195921656190801,0.0401191716908177,32,A
1309,43161_61_clean,R_10jH2QHI97hrJsj,1,Female,Latin American,A few,Many,6,7,2,Female,43161,CleanAM,q2,7.195921656190801,0.0401191716908177,32,A
1310,33001_67_monster,R_1awqYPZ68XvTHPA,0,Female,Other,A few,Many,6,4,4,Female,33001,MonsterInLawHM,q1,4.60223959822727,0.0252521127088757,39,H
1311,33001_67_monster,R_206Gw6Y887aBNVO,0,Male,Middle-eastern,Many,Several,6,3,1,Female,33001,MonsterInLawHM,q1,4.60223959822727,0.0252521127088757,39,H
1312,33001_67_monster,R_4wacmdYSCXyuK65,0,Male,Western (European),Several,Many,6,5,4,Female,33001,MonsterInLawHM,q1,4.60223959822727,0.0252521127088757,39,H
1313,33001_67_monster,R_1dlHcrMcTrAD1Dr,0,Female,Middle-eastern,A few,Many,6,3,3,Female,33001,MonsterInLawHM,q1,4.60223959822727,0.0252521127088757,39,H
1314,33001_67_monster,R_10jH2QHI97hrJsj,1,Female,Latin American,A few,Many,6,4,3,Female,33001,MonsterInLawHM,q1,4.60223959822727,0.0252521127088757,39,H
1315,36449_85_newyork,R_1awqYPZ68XvTHPA,0,Female,Other,A few,Many,6,2,1,Male,36449,SynecdocheAM,q4,11.176379312189225,0.067122209557879,25,A
1316,36449_85_newyork,R_206Gw6Y887aBNVO,0,Male,Middle-eastern,Many,Several,6,2,1,Male,36449,SynecdocheAM,q4,11.176379312189225,0.067122209557879,25,A
1317,36449_85_newyork,R_4wacmdYSCXyuK65,0,Male,Western (European),Several,Many,6,2,2,Male,36449,SynecdocheAM,q4,11.176379312189225,0.067122209557879,25,A
1318,36449_85_newyork,R_1dlHcrMcTrAD1Dr,0,Female,Middle-eastern,A few,Many,6,3,1,Male,36449,SynecdocheAM,q4,11.176379312189225,0.067122209557879,25,A
1319,36449_85_newyork,R_10jH2QHI97hrJsj,1,Female,Latin American,A few,Many,6,4,4,Male,36449,SynecdocheAM,q4,11.176379312189225,0.067122209557879,25,A
1320,97377_223_allornothing,R_1awqYPZ68XvTHPA,0,Female,Other,A few,Many,6,4,1,Male,97377,AllOrNothingAM,q4,17.070190337421334,0.1067270902893871,83,A
1321,97377_223_allornothing,R_206Gw6Y887aBNVO,0,Male,Middle-eastern,Many,Several,6,4,2,Male,97377,AllOrNothingAM,q4,17.070190337421334,0.1067270902893871,83,A
1322,97377_223_allornothing,R_4wacmdYSCXyuK65,0,Male,Western (European),Several,Many,6,5,1,Male,97377,AllOrNothingAM,q4,17.070190337421334,0.1067270902893871,83,A
1323,97377_223_allornothing,R_1dlHcrMcTrAD1Dr,0,Female,Middle-eastern,A few,Many,6,4,2,Male,97377,AllOrNothingAM,q4,17.070190337421334,0.1067270902893871,83,A
1324,97377_223_allornothing,R_10jH2QHI97hrJsj,1,Female,Latin American,A few,Many,6,5,3,Male,97377,AllOrNothingAM,q4,17.070190337421334,0.1067270902893871,83,A
1325,88977_238_newyork,R_1awqYPZ68XvTHPA,0,Female,Other,A few,Many,6,3,3,Female,88977,SynecdocheAM,q1,4.928081533329888,0.0303680514161346,84,A
1326,88977_238_newyork,R_206Gw6Y887aBNVO,0,Male,Middle-eastern,Many,Several,6,3,1,Female,88977,SynecdocheAM,q1,4.928081533329888,0.0303680514161346,84,A
1327,88977_238_newyork,R_4wacmdYSCXyuK65,0,Male,Western (European),Several,Many,6,2,1,Female,88977,SynecdocheAM,q1,4.928081533329888,0.0303680514161346,84,A
1328,88977_238_newyork,R_1dlHcrMcTrAD1Dr,0,Female,Middle-eastern,A few,Many,6,3,4,Female,88977,SynecdocheAM,q1,4.928081533329888,0.0303680514161346,84,A
1329,88977_238_newyork,R_10jH2QHI97hrJsj,1,Female,Latin American,A few,Many,6,7,1,Female,88977,SynecdocheAM,q1,4.928081533329888,0.0303680514161346,84,A
1330,27573_30_spider,R_1awqYPZ68XvTHPA,0,Female,Other,A few,Many,6,4,1,Male,27573,SpiderAM,q1,5.08848647032144,0.0286341543874588,12,A
1331,27573_30_spider,R_206Gw6Y887aBNVO,0,Male,Middle-eastern,Many,Several,6,3,2,Male,27573,SpiderAM,q1,5.08848647032144,0.0286341543874588,12,A
1332,27573_30_spider,R_4wacmdYSCXyuK65,0,Male,Western (European),Several,Many,6,5,1,Male,27573,SpiderAM,q1,5.08848647032144,0.0286341543874588,12,A
1333,27573_30_spider,R_1dlHcrMcTrAD1Dr,0,Female,Middle-eastern,A few,Many,6,3,1,Male,27573,SpiderAM,q1,5.08848647032144,0.0286341543874588,12,A
1334,27573_30_spider,R_10jH2QHI97hrJsj,1,Female,Latin American,A few,Many,6,4,2,Male,27573,SpiderAM,q1,5.08848647032144,0.0286341543874588,12,A
1335,26577_58_allornothing,R_1awqYPZ68XvTHPA,0,Female,Other,A few,Many,6,1,1,Male,26577,AllOrNothingAM,q4,11.420212556656509,0.0673744285597354,17,A
1336,26577_58_allornothing,R_206Gw6Y887aBNVO,0,Male,Middle-eastern,Many,Several,6,4,2,Male,26577,AllOrNothingAM,q4,11.420212556656509,0.0673744285597354,17,A
1337,26577_58_allornothing,R_4wacmdYSCXyuK65,0,Male,Western (European),Several,Many,6,2,1,Male,26577,AllOrNothingAM,q4,11.420212556656509,0.0673744285597354,17,A
1338,26577_58_allornothing,R_1dlHcrMcTrAD1Dr,0,Female,Middle-eastern,A few,Many,6,1,2,Male,26577,AllOrNothingAM,q4,11.420212556656509,0.0673744285597354,17,A
1339,26577_58_allornothing,R_10jH2QHI97hrJsj,1,Female,Latin American,A few,Many,6,7,3,Male,26577,AllOrNothingAM,q4,11.420212556656509,0.0673744285597354,17,A
1340,19889_30_bright,R_1awqYPZ68XvTHPA,0,Female,Other,A few,Many,6,3,2,Male,19889,BrightStarAM,q1,6.042244340903565,0.0343237168738201,13,A
1341,19889_30_bright,R_206Gw6Y887aBNVO,0,Male,Middle-eastern,Many,Several,6,4,1,Male,19889,BrightStarAM,q1,6.042244340903565,0.0343237168738201,13,A
1342,19889_30_bright,R_4wacmdYSCXyuK65,0,Male,Western (European),Several,Many,6,2,1,Male,19889,BrightStarAM,q1,6.042244340903565,0.0343237168738201,13,A
1343,19889_30_bright,R_1dlHcrMcTrAD1Dr,0,Female,Middle-eastern,A few,Many,6,4,5,Male,19889,BrightStarAM,q1,6.042244340903565,0.0343237168738201,13,A
1344,19889_30_bright,R_10jH2QHI97hrJsj,1,Female,Latin American,A few,Many,6,6,5,Male,19889,BrightStarAM,q1,6.042244340903565,0.0343237168738201,13,A
1345,72937_127_spider,R_1awqYPZ68XvTHPA,0,Female,Other,A few,Many,6,5,3,Female,72937,SpiderAM,q4,13.629622759259826,0.0812669830513764,58,A
1346,72937_127_spider,R_206Gw6Y887aBNVO,0,Male,Middle-eastern,Many,Several,6,3,2,Female,72937,SpiderAM,q4,13.629622759259826,0.0812669830513764,58,A
1347,72937_127_spider,R_4wacmdYSCXyuK65,0,Male,Western (European),Several,Many,6,6,6,Female,72937,SpiderAM,q4,13.629622759259826,0.0812669830513764,58,A
1348,72937_127_spider,R_1dlHcrMcTrAD1Dr,0,Female,Middle-eastern,A few,Many,6,7,5,Female,72937,SpiderAM,q4,13.629622759259826,0.0812669830513764,58,A
1349,72937_127_spider,R_10jH2QHI97hrJsj,1,Female,Latin American,A few,Many,6,7,6,Female,72937,SpiderAM,q4,13.629622759259826,0.0812669830513764,58,A
1350,70360_115_spider,R_1awqYPZ68XvTHPA,0,Female,Other,A few,Many,6,1,1,Male,70360,SpiderAM,q2,6.333947318449442,0.0355072233311972,52,A
1351,70360_115_spider,R_206Gw6Y887aBNVO,0,Male,Middle-eastern,Many,Several,6,2,2,Male,70360,SpiderAM,q2,6.333947318449442,0.0355072233311972,52,A
1352,70360_115_spider,R_4wacmdYSCXyuK65,0,Male,Western (European),Several,Many,6,1,1,Male,70360,SpiderAM,q2,6.333947318449442,0.0355072233311972,52,A
1353,70360_115_spider,R_1dlHcrMcTrAD1Dr,0,Female,Middle-eastern,A few,Many,6,1,1,Male,70360,SpiderAM,q2,6.333947318449442,0.0355072233311972,52,A
1354,70360_115_spider,R_10jH2QHI97hrJsj,1,Female,Latin American,A few,Many,6,5,2,Male,70360,SpiderAM,q2,6.333947318449442,0.0355072233311972,52,A
1355,33502_64_click,R_1awqYPZ68XvTHPA,0,Female,Other,A few,Many,6,4,2,Female,33502,ClickHM,q2,7.728734746973883,0.044255555364658,518,H
1356,33502_64_click,R_206Gw6Y887aBNVO,0,Male,Middle-eastern,Many,Several,6,6,3,Female,33502,ClickHM,q2,7.728734746973883,0.044255555364658,518,H
1357,33502_64_click,R_4wacmdYSCXyuK65,0,Male,Western (European),Several,Many,6,6,4,Female,33502,ClickHM,q2,7.728734746973883,0.044255555364658,518,H
1358,33502_64_click,R_1dlHcrMcTrAD1Dr,0,Female,Middle-eastern,A few,Many,6,3,3,Female,33502,ClickHM,q2,7.728734746973883,0.044255555364658,518,H
1359,33502_64_click,R_10jH2QHI97hrJsj,1,Female,Latin American,A few,Many,6,7,7,Female,33502,ClickHM,q2,7.728734746973883,0.044255555364658,518,H
1360,15806_28_click,R_1awqYPZ68XvTHPA,0,Female,Other,A few,Many,6,2,2,Male,15806,ClickHM,q3,9.989216180176612,0.0588499750654351,28,H
1361,15806_28_click,R_206Gw6Y887aBNVO,0,Male,Middle-eastern,Many,Several,6,2,2,Male,15806,ClickHM,q3,9.989216180176612,0.0588499750654351,28,H
1362,15806_28_click,R_4wacmdYSCXyuK65,0,Male,Western (European),Several,Many,6,4,2,Male,15806,ClickHM,q3,9.989216180176612,0.0588499750654351,28,H
1363,15806_28_click,R_1dlHcrMcTrAD1Dr,0,Female,Middle-eastern,A few,Many,6,2,3,Male,15806,ClickHM,q3,9.989216180176612,0.0588499750654351,28,H
1364,15806_28_click,R_10jH2QHI97hrJsj,1,Female,Latin American,A few,Many,6,6,4,Male,15806,ClickHM,q3,9.989216180176612,0.0588499750654351,28,H
1365,147099_225_pirates,R_1awqYPZ68XvTHPA,0,Female,Other,A few,Many,6,3,3,Female,147099,PiratesOfCaribbeanHM,q2,7.309234903137727,0.0427128270967543,292,H
1366,147099_225_pirates,R_206Gw6Y887aBNVO,0,Male,Middle-eastern,Many,Several,6,5,1,Female,147099,PiratesOfCaribbeanHM,q2,7.309234903137727,0.0427128270967543,292,H
1367,147099_225_pirates,R_4wacmdYSCXyuK65,0,Male,Western (European),Several,Many,6,4,2,Female,147099,PiratesOfCaribbeanHM,q2,7.309234903137727,0.0427128270967543,292,H
1368,147099_225_pirates,R_1dlHcrMcTrAD1Dr,0,Female,Middle-eastern,A few,Many,6,5,6,Female,147099,PiratesOfCaribbeanHM,q2,7.309234903137727,0.0427128270967543,292,H
1369,147099_225_pirates,R_10jH2QHI97hrJsj,1,Female,Latin American,A few,Many,6,7,3,Female,147099,PiratesOfCaribbeanHM,q2,7.309234903137727,0.0427128270967543,292,H
1370,157353_387_allornothing,R_1awqYPZ68XvTHPA,0,Female,Other,A few,Many,6,4,3,Male,157353,AllOrNothingAM,q3,8.168217648255796,0.0478432695894703,176,A
1371,157353_387_allornothing,R_206Gw6Y887aBNVO,0,Male,Middle-eastern,Many,Several,6,4,1,Male,157353,AllOrNothingAM,q3,8.168217648255796,0.0478432695894703,176,A
1372,157353_387_allornothing,R_4wacmdYSCXyuK65,0,Male,Western (European),Several,Many,6,4,1,Male,157353,AllOrNothingAM,q3,8.168217648255796,0.0478432695894703,176,A
1373,157353_387_allornothing,R_1dlHcrMcTrAD1Dr,0,Female,Middle-eastern,A few,Many,6,1,3,Male,157353,AllOrNothingAM,q3,8.168217648255796,0.0478432695894703,176,A
1374,157353_387_allornothing,R_10jH2QHI97hrJsj,1,Female,Latin American,A few,Many,6,5,4,Male,157353,AllOrNothingAM,q3,8.168217648255796,0.0478432695894703,176,A
1375,39057_112_copy,R_1awqYPZ68XvTHPA,0,Female,Other,A few,Many,6,2,2,Female,39057,CertifiedCopyAM,q1,4.198002086478971,0.0243523967860851,36,A
1376,39057_112_copy,R_206Gw6Y887aBNVO,0,Male,Middle-eastern,Many,Several,6,2,1,Female,39057,CertifiedCopyAM,q1,4.198002086478971,0.0243523967860851,36,A
1377,39057_112_copy,R_4wacmdYSCXyuK65,0,Male,Western (European),Several,Many,6,4,2,Female,39057,CertifiedCopyAM,q1,4.198002086478971,0.0243523967860851,36,A
1378,39057_112_copy,R_1dlHcrMcTrAD1Dr,0,Female,Middle-eastern,A few,Many,6,4,2,Female,39057,CertifiedCopyAM,q1,4.198002086478971,0.0243523967860851,36,A
1379,39057_112_copy,R_10jH2QHI97hrJsj,1,Female,Latin American,A few,Many,6,5,2,Female,39057,CertifiedCopyAM,q1,4.198002086478971,0.0243523967860851,36,A
1380,81057_141_spider,R_1awqYPZ68XvTHPA,0,Female,Other,A few,Many,6,3,1,Male,81057,SpiderAM,q1,1.631145323372171,0.0088090350190868,66,A
1381,81057_141_spider,R_206Gw6Y887aBNVO,0,Male,Middle-eastern,Many,Several,6,2,2,Male,81057,SpiderAM,q1,1.631145323372171,0.0088090350190868,66,A
1382,81057_141_spider,R_4wacmdYSCXyuK65,0,Male,Western (European),Several,Many,6,5,1,Male,81057,SpiderAM,q1,1.631145323372171,0.0088090350190868,66,A
1383,81057_141_spider,R_1dlHcrMcTrAD1Dr,0,Female,Middle-eastern,A few,Many,6,3,1,Male,81057,SpiderAM,q1,1.631145323372171,0.0088090350190868,66,A
1384,81057_141_spider,R_10jH2QHI97hrJsj,1,Female,Latin American,A few,Many,6,6,5,Male,81057,SpiderAM,q1,1.631145323372171,0.0088090350190868,66,A
1385,45550_134_copy,R_1awqYPZ68XvTHPA,0,Female,Other,A few,Many,6,2,3,Female,45550,CertifiedCopyAM,q1,3.851110423422352,0.021068828894592,58,A
1386,45550_134_copy,R_206Gw6Y887aBNVO,0,Male,Middle-eastern,Many,Several,6,3,1,Female,45550,CertifiedCopyAM,q1,3.851110423422352,0.021068828894592,58,A
1387,45550_134_copy,R_4wacmdYSCXyuK65,0,Male,Western (European),Several,Many,6,4,3,Female,45550,CertifiedCopyAM,q1,3.851110423422352,0.021068828894592,58,A
1388,45550_134_copy,R_1dlHcrMcTrAD1Dr,0,Female,Middle-eastern,A few,Many,6,3,4,Female,45550,CertifiedCopyAM,q1,3.851110423422352,0.021068828894592,58,A
1389,45550_134_copy,R_10jH2QHI97hrJsj,1,Female,Latin American,A few,Many,6,6,3,Female,45550,CertifiedCopyAM,q1,3.851110423422352,0.021068828894592,58,A
1390,86153_154_spider,R_1awqYPZ68XvTHPA,0,Female,Other,A few,Many,6,3,1,Male,86153,SpiderAM,q4,12.171343994378224,0.071313493276218,72,A
1391,86153_154_spider,R_206Gw6Y887aBNVO,0,Male,Middle-eastern,Many,Several,6,4,2,Male,86153,SpiderAM,q4,12.171343994378224,0.071313493276218,72,A
1392,86153_154_spider,R_4wacmdYSCXyuK65,0,Male,Western (European),Several,Many,6,5,1,Male,86153,SpiderAM,q4,12.171343994378224,0.071313493276218,72,A
1393,86153_154_spider,R_1dlHcrMcTrAD1Dr,0,Female,Middle-eastern,A few,Many,6,3,1,Male,86153,SpiderAM,q4,12.171343994378224,0.071313493276218,72,A
1394,86153_154_spider,R_10jH2QHI97hrJsj,1,Female,Latin American,A few,Many,6,6,4,Male,86153,SpiderAM,q4,12.171343994378224,0.071313493276218,72,A
1395,134049_317_click,R_1awqYPZ68XvTHPA,0,Female,Other,A few,Many,6,6,1,Male,134049,ClickHM,q3,10.279639489108725,0.0594974139856756,569,H
1396,134049_317_click,R_206Gw6Y887aBNVO,0,Male,Middle-eastern,Many,Several,6,5,1,Male,134049,ClickHM,q3,10.279639489108725,0.0594974139856756,569,H
1397,134049_317_click,R_4wacmdYSCXyuK65,0,Male,Western (European),Several,Many,6,4,1,Male,134049,ClickHM,q3,10.279639489108725,0.0594974139856756,569,H
1398,134049_317_click,R_1dlHcrMcTrAD1Dr,0,Female,Middle-eastern,A few,Many,6,2,7,Male,134049,ClickHM,q3,10.279639489108725,0.0594974139856756,569,H
1399,134049_317_click,R_10jH2QHI97hrJsj,1,Female,Latin American,A few,Many,6,5,4,Male,134049,ClickHM,q3,10.279639489108725,0.0594974139856756,569,H
1400,166939_279_dark_batman,R_1awqYPZ68XvTHPA,0,Female,Other,A few,Many,6,6,1,Male,166939,TheDarkKnightHM,q2,7.064992305414813,0.041511023680434,96,H
1401,166939_279_dark_batman,R_206Gw6Y887aBNVO,0,Male,Middle-eastern,Many,Several,6,5,1,Male,166939,TheDarkKnightHM,q2,7.064992305414813,0.041511023680434,96,H
1402,166939_279_dark_batman,R_4wacmdYSCXyuK65,0,Male,Western (European),Several,Many,6,4,1,Male,166939,TheDarkKnightHM,q2,7.064992305414813,0.041511023680434,96,H
1403,166939_279_dark_batman,R_1dlHcrMcTrAD1Dr,0,Female,Middle-eastern,A few,Many,6,2,7,Male,166939,TheDarkKnightHM,q2,7.064992305414813,0.041511023680434,96,H
1404,166939_279_dark_batman,R_10jH2QHI97hrJsj,1,Female,Latin American,A few,Many,6,5,4,Male,166939,TheDarkKnightHM,q2,7.064992305414813,0.041511023680434,96,H
1405,126977_229_dark_batman,R_1awqYPZ68XvTHPA,0,Female,Other,A few,Many,6,5,3,Male,126977,TheDarkKnightHM,q4,14.495013451702624,0.0873185033119512,70,H
1406,126977_229_dark_batman,R_206Gw6Y887aBNVO,0,Male,Middle-eastern,Many,Several,6,7,2,Male,126977,TheDarkKnightHM,q4,14.495013451702624,0.0873185033119512,70,H
1407,126977_229_dark_batman,R_4wacmdYSCXyuK65,0,Male,Western (European),Several,Many,6,4,3,Male,126977,TheDarkKnightHM,q4,14.495013451702624,0.0873185033119512,70,H
1408,126977_229_dark_batman,R_1dlHcrMcTrAD1Dr,0,Female,Middle-eastern,A few,Many,6,5,6,Male,126977,TheDarkKnightHM,q4,14.495013451702624,0.0873185033119512,70,H
1409,126977_229_dark_batman,R_10jH2QHI97hrJsj,1,Female,Latin American,A few,Many,6,7,6,Male,126977,TheDarkKnightHM,q4,14.495013451702624,0.0873185033119512,70,H
1410,37150_40_spider,R_1awqYPZ68XvTHPA,0,Female,Other,A few,Many,6,2,2,Male,37150,SpiderAM,q1,4.134089022918323,0.0232217831428594,17,A
1411,37150_40_spider,R_206Gw6Y887aBNVO,0,Male,Middle-eastern,Many,Several,6,2,1,Male,37150,SpiderAM,q1,4.134089022918323,0.0232217831428594,17,A
1412,37150_40_spider,R_4wacmdYSCXyuK65,0,Male,Western (European),Several,Many,6,2,1,Male,37150,SpiderAM,q1,4.134089022918323,0.0232217831428594,17,A
1413,37150_40_spider,R_1dlHcrMcTrAD1Dr,0,Female,Middle-eastern,A few,Many,6,1,1,Male,37150,SpiderAM,q1,4.134089022918323,0.0232217831428594,17,A
1414,37150_40_spider,R_10jH2QHI97hrJsj,1,Female,Latin American,A few,Many,6,6,5,Male,37150,SpiderAM,q1,4.134089022918323,0.0232217831428594,17,A
1415,143531_213_pirates,R_1awqYPZ68XvTHPA,0,Female,Other,A few,Many,6,2,3,Male,143531,PiratesOfCaribbeanHM,q3,9.415924341038346,0.0575403032036797,357,H
1416,143531_213_pirates,R_206Gw6Y887aBNVO,0,Male,Middle-eastern,Many,Several,6,7,5,Male,143531,PiratesOfCaribbeanHM,q3,9.415924341038346,0.0575403032036797,357,H
1417,143531_213_pirates,R_4wacmdYSCXyuK65,0,Male,Western (European),Several,Many,6,4,7,Male,143531,PiratesOfCaribbeanHM,q3,9.415924341038346,0.0575403032036797,357,H
1418,143531_213_pirates,R_1dlHcrMcTrAD1Dr,0,Female,Middle-eastern,A few,Many,6,4,6,Male,143531,PiratesOfCaribbeanHM,q3,9.415924341038346,0.0575403032036797,357,H
1419,143531_213_pirates,R_10jH2QHI97hrJsj,1,Female,Latin American,A few,Many,6,7,7,Male,143531,PiratesOfCaribbeanHM,q3,9.415924341038346,0.0575403032036797,357,H
1420,81852_173_monster,R_1awqYPZ68XvTHPA,0,Female,Other,A few,Many,6,2,2,Female,81852,MonsterInLawHM,q2,6.335041754678448,0.0358023067087347,103,H
1421,81852_173_monster,R_206Gw6Y887aBNVO,0,Male,Middle-eastern,Many,Several,6,3,4,Female,81852,MonsterInLawHM,q2,6.335041754678448,0.0358023067087347,103,H
1422,81852_173_monster,R_4wacmdYSCXyuK65,0,Male,Western (European),Several,Many,6,3,2,Female,81852,MonsterInLawHM,q2,6.335041754678448,0.0358023067087347,103,H
1423,81852_173_monster,R_1dlHcrMcTrAD1Dr,0,Female,Middle-eastern,A few,Many,6,2,4,Female,81852,MonsterInLawHM,q2,6.335041754678448,0.0358023067087347,103,H
1424,81852_173_monster,R_10jH2QHI97hrJsj,1,Female,Latin American,A few,Many,6,6,4,Female,81852,MonsterInLawHM,q2,6.335041754678448,0.0358023067087347,103,H
1425,72841_152_monster,R_1awqYPZ68XvTHPA,0,Female,Other,A few,Many,6,4,3,Female,72841,MonsterInLawHM,q2,8.705096787347141,0.0512633335193724,98,H
1426,72841_152_monster,R_206Gw6Y887aBNVO,0,Male,Middle-eastern,Many,Several,6,3,1,Female,72841,MonsterInLawHM,q2,8.705096787347141,0.0512633335193724,98,H
1427,72841_152_monster,R_4wacmdYSCXyuK65,0,Male,Western (European),Several,Many,6,3,3,Female,72841,MonsterInLawHM,q2,8.705096787347141,0.0512633335193724,98,H
1428,72841_152_monster,R_1dlHcrMcTrAD1Dr,0,Female,Middle-eastern,A few,Many,6,2,5,Female,72841,MonsterInLawHM,q2,8.705096787347141,0.0512633335193724,98,H
1429,72841_152_monster,R_10jH2QHI97hrJsj,1,Female,Latin American,A few,Many,6,4,3,Female,72841,MonsterInLawHM,q2,8.705096787347141,0.0512633335193724,98,H
1430,76988_173_click,R_1awqYPZ68XvTHPA,0,Female,Other,A few,Many,6,4,3,Male,76988,ClickHM,q4,12.071576198982696,0.0711995966721575,528,H
1431,76988_173_click,R_206Gw6Y887aBNVO,0,Male,Middle-eastern,Many,Several,6,3,5,Male,76988,ClickHM,q4,12.071576198982696,0.0711995966721575,528,H
1432,76988_173_click,R_4wacmdYSCXyuK65,0,Male,Western (European),Several,Many,6,6,7,Male,76988,ClickHM,q4,12.071576198982696,0.0711995966721575,528,H
1433,76988_173_click,R_1dlHcrMcTrAD1Dr,0,Female,Middle-eastern,A few,Many,6,6,6,Male,76988,ClickHM,q4,12.071576198982696,0.0711995966721575,528,H
1434,76988_173_click,R_10jH2QHI97hrJsj,1,Female,Latin American,A few,Many,6,6,6,Male,76988,ClickHM,q4,12.071576198982696,0.0711995966721575,528,H
1435,71753_197_newyork,R_1awqYPZ68XvTHPA,0,Female,Other,A few,Many,6,4,2,Male,71753,SynecdocheAM,q4,12.30569379422929,0.075277798792316,75,A
1436,71753_197_newyork,R_206Gw6Y887aBNVO,0,Male,Middle-eastern,Many,Several,6,3,1,Male,71753,SynecdocheAM,q4,12.30569379422929,0.075277798792316,75,A
1437,71753_197_newyork,R_4wacmdYSCXyuK65,0,Male,Western (European),Several,Many,6,4,1,Male,71753,SynecdocheAM,q4,12.30569379422929,0.075277798792316,75,A
1438,71753_197_newyork,R_1dlHcrMcTrAD1Dr,0,Female,Middle-eastern,A few,Many,6,6,1,Male,71753,SynecdocheAM,q4,12.30569379422929,0.075277798792316,75,A
1439,71753_197_newyork,R_10jH2QHI97hrJsj,1,Female,Latin American,A few,Many,6,6,3,Male,71753,SynecdocheAM,q4,12.30569379422929,0.075277798792316,75,A
1440,111002_244_click,R_1awqYPZ68XvTHPA,0,Female,Other,A few,Many,6,3,1,Male,111002,ClickHM,q4,11.384770526053575,0.068203111164462,429,H
1441,111002_244_click,R_206Gw6Y887aBNVO,0,Male,Middle-eastern,Many,Several,6,4,1,Male,111002,ClickHM,q4,11.384770526053575,0.068203111164462,429,H
1442,111002_244_click,R_4wacmdYSCXyuK65,0,Male,Western (European),Several,Many,6,5,1,Male,111002,ClickHM,q4,11.384770526053575,0.068203111164462,429,H
1443,111002_244_click,R_1dlHcrMcTrAD1Dr,0,Female,Middle-eastern,A few,Many,6,6,5,Male,111002,ClickHM,q4,11.384770526053575,0.068203111164462,429,H
1444,111002_244_click,R_10jH2QHI97hrJsj,1,Female,Latin American,A few,Many,6,5,5,Male,111002,ClickHM,q4,11.384770526053575,0.068203111164462,429,H
1445,108929_168_clean,R_1awqYPZ68XvTHPA,0,Female,Other,A few,Many,6,1,1,Female,108929,CleanAM,q2,7.119232904892197,0.0422108110957366,104,A
1446,108929_168_clean,R_206Gw6Y887aBNVO,0,Male,Middle-eastern,Many,Several,6,3,3,Female,108929,CleanAM,q2,7.119232904892197,0.0422108110957366,104,A
1447,108929_168_clean,R_4wacmdYSCXyuK65,0,Male,Western (European),Several,Many,6,1,2,Female,108929,CleanAM,q2,7.119232904892197,0.0422108110957366,104,A
1448,108929_168_clean,R_1dlHcrMcTrAD1Dr,0,Female,Middle-eastern,A few,Many,6,1,2,Female,108929,CleanAM,q2,7.119232904892197,0.0422108110957366,104,A
1449,108929_168_clean,R_10jH2QHI97hrJsj,1,Female,Latin American,A few,Many,6,4,4,Female,108929,CleanAM,q2,7.119232904892197,0.0422108110957366,104,A
1450,148465_358_allornothing,R_1awqYPZ68XvTHPA,0,Female,Other,A few,Many,6,3,1,Male,148465,AllOrNothingAM,q2,7.874563426347088,0.0462605291261164,162,A
1451,148465_358_allornothing,R_206Gw6Y887aBNVO,0,Male,Middle-eastern,Many,Several,6,1,1,Male,148465,AllOrNothingAM,q2,7.874563426347088,0.0462605291261164,162,A
1452,148465_358_allornothing,R_4wacmdYSCXyuK65,0,Male,Western (European),Several,Many,6,1,1,Male,148465,AllOrNothingAM,q2,7.874563426347088,0.0462605291261164,162,A
1453,148465_358_allornothing,R_1dlHcrMcTrAD1Dr,0,Female,Middle-eastern,A few,Many,6,1,1,Male,148465,AllOrNothingAM,q2,7.874563426347088,0.0462605291261164,162,A
1454,148465_358_allornothing,R_10jH2QHI97hrJsj,1,Female,Latin American,A few,Many,6,1,1,Male,148465,AllOrNothingAM,q2,7.874563426347088,0.0462605291261164,162,A
1455,120961_193_clean,R_1awqYPZ68XvTHPA,0,Female,Other,A few,Many,6,3,1,Male,120961,CleanAM,q3,9.247107222633796,0.0558075780059483,116,A
1456,120961_193_clean,R_206Gw6Y887aBNVO,0,Male,Middle-eastern,Many,Several,6,3,1,Male,120961,CleanAM,q3,9.247107222633796,0.0558075780059483,116,A
1457,120961_193_clean,R_4wacmdYSCXyuK65,0,Male,Western (European),Several,Many,6,2,1,Male,120961,CleanAM,q3,9.247107222633796,0.0558075780059483,116,A
1458,120961_193_clean,R_1dlHcrMcTrAD1Dr,0,Female,Middle-eastern,A few,Many,6,3,2,Male,120961,CleanAM,q3,9.247107222633796,0.0558075780059483,116,A
1459,120961_193_clean,R_10jH2QHI97hrJsj,1,Female,Latin American,A few,Many,6,6,4,Male,120961,CleanAM,q3,9.247107222633796,0.0558075780059483,116,A
1460,78411_217_copy,R_1awqYPZ68XvTHPA,0,Female,Other,A few,Many,6,2,1,I cannot tell,78411,CertifiedCopyAM,q4,10.682600826030315,0.062339915348019,101,A
1461,78411_217_copy,R_206Gw6Y887aBNVO,0,Male,Middle-eastern,Many,Several,6,2,2,Female,78411,CertifiedCopyAM,q4,10.682600826030315,0.062339915348019,101,A
1462,78411_217_copy,R_4wacmdYSCXyuK65,0,Male,Western (European),Several,Many,6,2,3,Female,78411,CertifiedCopyAM,q4,10.682600826030315,0.062339915348019,101,A
1463,78411_217_copy,R_1dlHcrMcTrAD1Dr,0,Female,Middle-eastern,A few,Many,6,2,1,Female,78411,CertifiedCopyAM,q4,10.682600826030315,0.062339915348019,101,A
1464,78411_217_copy,R_10jH2QHI97hrJsj,1,Female,Latin American,A few,Many,6,5,2,Female,78411,CertifiedCopyAM,q4,10.682600826030315,0.062339915348019,101,A
1465,12524_13_newyork,R_1awqYPZ68XvTHPA,0,Female,Other,A few,Many,6,1,1,Male,12524,SynecdocheAM,q2,6.070637897383192,0.0336645566227993,5,A
1466,12524_13_newyork,R_206Gw6Y887aBNVO,0,Male,Middle-eastern,Many,Several,6,5,1,Male,12524,SynecdocheAM,q2,6.070637897383192,0.0336645566227993,5,A
1467,12524_13_newyork,R_4wacmdYSCXyuK65,0,Male,Western (European),Several,Many,6,2,2,Male,12524,SynecdocheAM,q2,6.070637897383192,0.0336645566227993,5,A
1468,12524_13_newyork,R_1dlHcrMcTrAD1Dr,0,Female,Middle-eastern,A few,Many,6,1,1,Male,12524,SynecdocheAM,q2,6.070637897383192,0.0336645566227993,5,A
1469,12524_13_newyork,R_10jH2QHI97hrJsj,1,Female,Latin American,A few,Many,6,6,2,Male,12524,SynecdocheAM,q2,6.070637897383192,0.0336645566227993,5,A
1470,128833_211_clean,R_1awqYPZ68XvTHPA,0,Female,Other,A few,Many,6,1,1,Male,128833,CleanAM,q3,10.171293645560503,0.059676383410394,133,A
1471,128833_211_clean,R_206Gw6Y887aBNVO,0,Male,Middle-eastern,Many,Several,6,2,2,Male,128833,CleanAM,q3,10.171293645560503,0.059676383410394,133,A
1472,128833_211_clean,R_4wacmdYSCXyuK65,0,Male,Western (European),Several,Many,6,1,2,Male,128833,CleanAM,q3,10.171293645560503,0.059676383410394,133,A
1473,128833_211_clean,R_1dlHcrMcTrAD1Dr,0,Female,Middle-eastern,A few,Many,6,3,2,Male,128833,CleanAM,q3,10.171293645560503,0.059676383410394,133,A
1474,128833_211_clean,R_10jH2QHI97hrJsj,1,Female,Latin American,A few,Many,6,5,3,Male,128833,CleanAM,q3,10.171293645560503,0.059676383410394,133,A
1475,20193_32_bright,R_1awqYPZ68XvTHPA,0,Female,Other,A few,Many,6,3,2,Female,20193,BrightStarAM,q1,5.094133672176268,0.0280393524303492,15,A
1476,20193_32_bright,R_206Gw6Y887aBNVO,0,Male,Middle-eastern,Many,Several,6,3,1,Female,20193,BrightStarAM,q1,5.094133672176268,0.0280393524303492,15,A
1477,20193_32_bright,R_4wacmdYSCXyuK65,0,Male,Western (European),Several,Many,6,2,2,Female,20193,BrightStarAM,q1,5.094133672176268,0.0280393524303492,15,A
1478,20193_32_bright,R_1dlHcrMcTrAD1Dr,0,Female,Middle-eastern,A few,Many,6,1,2,Female,20193,BrightStarAM,q1,5.094133672176268,0.0280393524303492,15,A
1479,20193_32_bright,R_10jH2QHI97hrJsj,1,Female,Latin American,A few,Many,6,4,3,Female,20193,BrightStarAM,q1,5.094133672176268,0.0280393524303492,15,A
1480,128172_208_clean,R_1awqYPZ68XvTHPA,0,Female,Other,A few,Many,6,2,1,Male,128172,CleanAM,q2,9.46918557825914,0.0565962025580864,130,A
1481,128172_208_clean,R_206Gw6Y887aBNVO,0,Male,Middle-eastern,Many,Several,6,2,2,Male,128172,CleanAM,q2,9.46918557825914,0.0565962025580864,130,A
1482,128172_208_clean,R_4wacmdYSCXyuK65,0,Male,Western (European),Several,Many,6,1,1,Male,128172,CleanAM,q2,9.46918557825914,0.0565962025580864,130,A
1483,128172_208_clean,R_1dlHcrMcTrAD1Dr,0,Female,Middle-eastern,A few,Many,6,2,2,Male,128172,CleanAM,q2,9.46918557825914,0.0565962025580864,130,A
1484,128172_208_clean,R_10jH2QHI97hrJsj,1,Female,Latin American,A few,Many,6,7,2,Male,128172,CleanAM,q2,9.46918557825914,0.0565962025580864,130,A
1485,74657_105_clean,R_1awqYPZ68XvTHPA,0,Female,Other,A few,Many,6,3,3,Female,74657,CleanAM,q2,6.947982591533484,0.0392454512798569,59,A
1486,74657_105_clean,R_206Gw6Y887aBNVO,0,Male,Middle-eastern,Many,Several,6,3,1,Female,74657,CleanAM,q2,6.947982591533484,0.0392454512798569,59,A
1487,74657_105_clean,R_4wacmdYSCXyuK65,0,Male,Western (European),Several,Many,6,5,4,Female,74657,CleanAM,q2,6.947982591533484,0.0392454512798569,59,A
1488,74657_105_clean,R_1dlHcrMcTrAD1Dr,0,Female,Middle-eastern,A few,Many,6,5,6,Female,74657,CleanAM,q2,6.947982591533484,0.0392454512798569,59,A
1489,74657_105_clean,R_10jH2QHI97hrJsj,1,Female,Latin American,A few,Many,6,7,5,Female,74657,CleanAM,q2,6.947982591533484,0.0392454512798569,59,A
1490,68610_136_dark_batman,R_1awqYPZ68XvTHPA,0,Female,Other,A few,Many,6,2,1,Male,68610,TheDarkKnightHM,q4,9.793838969375456,0.0672730832953677,37,H
1491,68610_136_dark_batman,R_206Gw6Y887aBNVO,0,Male,Middle-eastern,Many,Several,6,2,1,Male,68610,TheDarkKnightHM,q4,9.793838969375456,0.0672730832953677,37,H
1492,68610_136_dark_batman,R_4wacmdYSCXyuK65,0,Male,Western (European),Several,Many,6,2,1,Male,68610,TheDarkKnightHM,q4,9.793838969375456,0.0672730832953677,37,H
1493,68610_136_dark_batman,R_1dlHcrMcTrAD1Dr,0,Female,Middle-eastern,A few,Many,6,2,1,Male,68610,TheDarkKnightHM,q4,9.793838969375456,0.0672730832953677,37,H
1494,68610_136_dark_batman,R_10jH2QHI97hrJsj,1,Female,Latin American,A few,Many,6,5,3,Male,68610,TheDarkKnightHM,q4,9.793838969375456,0.0672730832953677,37,H
1495,140257_238_bright,R_1awqYPZ68XvTHPA,0,Female,Other,A few,Many,6,2,4,Female,140257,BrightStarAM,q2,6.017565745753632,0.0331095236772342,100,A
1496,140257_238_bright,R_206Gw6Y887aBNVO,0,Male,Middle-eastern,Many,Several,6,3,3,Female,140257,BrightStarAM,q2,6.017565745753632,0.0331095236772342,100,A
1497,140257_238_bright,R_4wacmdYSCXyuK65,0,Male,Western (European),Several,Many,6,4,3,Female,140257,BrightStarAM,q2,6.017565745753632,0.0331095236772342,100,A
1498,140257_238_bright,R_1dlHcrMcTrAD1Dr,0,Female,Middle-eastern,A few,Many,6,3,4,Female,140257,BrightStarAM,q2,6.017565745753632,0.0331095236772342,100,A
1499,140257_238_bright,R_10jH2QHI97hrJsj,1,Female,Latin American,A few,Many,6,4,3,Female,140257,BrightStarAM,q2,6.017565745753632,0.0331095236772342,100,A
1500,32091_31_fast,R_1awqYPZ68XvTHPA,0,Female,Other,A few,Many,6,2,2,Male,32091,FastAndFuriousHM,q4,14.923835506606888,0.0933137630991133,162,H
1501,32091_31_fast,R_206Gw6Y887aBNVO,0,Male,Middle-eastern,Many,Several,6,7,1,Male,32091,FastAndFuriousHM,q4,14.923835506606888,0.0933137630991133,162,H
1502,32091_31_fast,R_4wacmdYSCXyuK65,0,Male,Western (European),Several,Many,6,2,1,Male,32091,FastAndFuriousHM,q4,14.923835506606888,0.0933137630991133,162,H
1503,32091_31_fast,R_1dlHcrMcTrAD1Dr,0,Female,Middle-eastern,A few,Many,6,3,1,Male,32091,FastAndFuriousHM,q4,14.923835506606888,0.0933137630991133,162,H
1504,32091_31_fast,R_10jH2QHI97hrJsj,1,Female,Latin American,A few,Many,6,7,4,Male,32091,FastAndFuriousHM,q4,14.923835506606888,0.0933137630991133,162,H
1505,124225_317_newyork,R_1awqYPZ68XvTHPA,0,Female,Other,A few,Many,6,3,1,Male,124225,SynecdocheAM,q3,10.40962786672014,0.0608796440616816,114,A
1506,124225_317_newyork,R_206Gw6Y887aBNVO,0,Male,Middle-eastern,Many,Several,6,3,2,Male,124225,SynecdocheAM,q3,10.40962786672014,0.0608796440616816,114,A
1507,124225_317_newyork,R_4wacmdYSCXyuK65,0,Male,Western (European),Several,Many,6,4,1,Male,124225,SynecdocheAM,q3,10.40962786672014,0.0608796440616816,114,A
1508,124225_317_newyork,R_1dlHcrMcTrAD1Dr,0,Female,Middle-eastern,A few,Many,6,2,2,Male,124225,SynecdocheAM,q3,10.40962786672014,0.0608796440616816,114,A
1509,124225_317_newyork,R_10jH2QHI97hrJsj,1,Female,Latin American,A few,Many,6,5,3,Male,124225,SynecdocheAM,q3,10.40962786672014,0.0608796440616816,114,A
1510,88292_127_clean,R_1awqYPZ68XvTHPA,0,Female,Other,A few,Many,6,2,1,Female,88292,CleanAM,q1,5.027706716608581,0.0290662339557965,69,A
1511,88292_127_clean,R_206Gw6Y887aBNVO,0,Male,Middle-eastern,Many,Several,6,2,2,Female,88292,CleanAM,q1,5.027706716608581,0.0290662339557965,69,A
1512,88292_127_clean,R_4wacmdYSCXyuK65,0,Male,Western (European),Several,Many,6,2,1,Female,88292,CleanAM,q1,5.027706716608581,0.0290662339557965,69,A
1513,88292_127_clean,R_1dlHcrMcTrAD1Dr,0,Female,Middle-eastern,A few,Many,6,3,1,Female,88292,CleanAM,q1,5.027706716608581,0.0290662339557965,69,A
1514,88292_127_clean,R_10jH2QHI97hrJsj,1,Female,Latin American,A few,Many,6,7,3,Male,88292,CleanAM,q1,5.027706716608581,0.0290662339557965,69,A
1515,95145_212_click,R_1awqYPZ68XvTHPA,0,Female,Other,A few,Many,6,4,4,Female,95145,ClickHM,q2,5.729230678825584,0.0340377321902069,366,H
1516,95145_212_click,R_206Gw6Y887aBNVO,0,Male,Middle-eastern,Many,Several,6,1,3,Female,95145,ClickHM,q2,5.729230678825584,0.0340377321902069,366,H
1517,95145_212_click,R_4wacmdYSCXyuK65,0,Male,Western (European),Several,Many,6,5,2,Female,95145,ClickHM,q2,5.729230678825584,0.0340377321902069,366,H
1518,95145_212_click,R_1dlHcrMcTrAD1Dr,0,Female,Middle-eastern,A few,Many,6,5,3,Female,95145,ClickHM,q2,5.729230678825584,0.0340377321902069,366,H
1519,95145_212_click,R_10jH2QHI97hrJsj,1,Female,Latin American,A few,Many,6,7,7,Female,95145,ClickHM,q2,5.729230678825584,0.0340377321902069,366,H
1520,86905_199_allornothing,R_1awqYPZ68XvTHPA,0,Female,Other,A few,Many,6,4,2,Female,86905,AllOrNothingAM,q2,5.610628095630694,0.0325238210147473,71,A
1521,86905_199_allornothing,R_206Gw6Y887aBNVO,0,Male,Middle-eastern,Many,Several,6,4,1,Female,86905,AllOrNothingAM,q2,5.610628095630694,0.0325238210147473,71,A
1522,86905_199_allornothing,R_4wacmdYSCXyuK65,0,Male,Western (European),Several,Many,6,6,1,Female,86905,AllOrNothingAM,q2,5.610628095630694,0.0325238210147473,71,A
1523,86905_199_allornothing,R_1dlHcrMcTrAD1Dr,0,Female,Middle-eastern,A few,Many,6,6,3,Female,86905,AllOrNothingAM,q2,5.610628095630694,0.0325238210147473,71,A
1524,86905_199_allornothing,R_10jH2QHI97hrJsj,1,Female,Latin American,A few,Many,6,5,3,Female,86905,AllOrNothingAM,q2,5.610628095630694,0.0325238210147473,71,A
1525,40233_53_clean,R_1awqYPZ68XvTHPA,0,Female,Other,A few,Many,6,2,2,Male,40233,CleanAM,q4,14.138980639579495,0.0852816216493046,24,A
1526,40233_53_clean,R_206Gw6Y887aBNVO,0,Male,Middle-eastern,Many,Several,6,2,2,Male,40233,CleanAM,q4,14.138980639579495,0.0852816216493046,24,A
1527,40233_53_clean,R_4wacmdYSCXyuK65,0,Male,Western (European),Several,Many,6,1,1,Male,40233,CleanAM,q4,14.138980639579495,0.0852816216493046,24,A
1528,40233_53_clean,R_1dlHcrMcTrAD1Dr,0,Female,Middle-eastern,A few,Many,6,2,2,Male,40233,CleanAM,q4,14.138980639579495,0.0852816216493046,24,A
1529,40233_53_clean,R_10jH2QHI97hrJsj,1,Female,Latin American,A few,Many,6,6,4,Male,40233,CleanAM,q4,14.138980639579495,0.0852816216493046,24,A
1530,8825_0_spider,R_1awqYPZ68XvTHPA,0,Female,Other,A few,Many,6,2,2,Male,8825,SpiderAM,q3,8.540391602636076,0.0491652527793912,0,A
1531,8825_0_spider,R_206Gw6Y887aBNVO,0,Male,Middle-eastern,Many,Several,6,6,2,Male,8825,SpiderAM,q3,8.540391602636076,0.0491652527793912,0,A
1532,8825_0_spider,R_4wacmdYSCXyuK65,0,Male,Western (European),Several,Many,6,4,1,Male,8825,SpiderAM,q3,8.540391602636076,0.0491652527793912,0,A
1533,8825_0_spider,R_1dlHcrMcTrAD1Dr,0,Female,Middle-eastern,A few,Many,6,4,2,Male,8825,SpiderAM,q3,8.540391602636076,0.0491652527793912,0,A
1534,8825_0_spider,R_10jH2QHI97hrJsj,1,Female,Latin American,A few,Many,6,5,3,Male,8825,SpiderAM,q3,8.540391602636076,0.0491652527793912,0,A
1535,6953_6_allornothing,R_2OtQC8b2TKvdo6B,0,Male,Western (European),Several,Many,7,4,3,Male,6953,AllOrNothingAM,q3,8.781863525348678,0.0524317152707338,4,A
1536,6953_6_allornothing,R_4JECmGOyGP4gNuG,0,Male,Western (European),Several,Many,7,4,1,Male,6953,AllOrNothingAM,q3,8.781863525348678,0.0524317152707338,4,A
1537,6953_6_allornothing,R_5zNlLWOhUb0cFFv,1,Female,Western (North American),Many,Many,7,4,2,Male,6953,AllOrNothingAM,q3,8.781863525348678,0.0524317152707338,4,A
1538,6953_6_allornothing,R_7Q0B7g9RxECzXxR,0,Female,Western (European),A few,All of them,7,3,1,Male,6953,AllOrNothingAM,q3,8.781863525348678,0.0524317152707338,4,A
1539,6953_6_allornothing,R_4YkUX5kNejaaDfX,0,Male,Western (European),I did not recognise any,Many,7,5,2,Male,6953,AllOrNothingAM,q3,8.781863525348678,0.0524317152707338,4,A
1540,74521_209_newyork,R_2OtQC8b2TKvdo6B,0,Male,Western (European),Several,Many,7,2,2,Male,74521,SynecdocheAM,q4,14.683625571625395,0.0901862751396382,76,A
1541,74521_209_newyork,R_4JECmGOyGP4gNuG,0,Male,Western (European),Several,Many,7,3,3,Male,74521,SynecdocheAM,q4,14.683625571625395,0.0901862751396382,76,A
1542,74521_209_newyork,R_5zNlLWOhUb0cFFv,1,Female,Western (North American),Many,Many,7,2,2,Male,74521,SynecdocheAM,q4,14.683625571625395,0.0901862751396382,76,A
1543,74521_209_newyork,R_7Q0B7g9RxECzXxR,0,Female,Western (European),A few,All of them,7,2,2,Male,74521,SynecdocheAM,q4,14.683625571625395,0.0901862751396382,76,A
1544,74521_209_newyork,R_4YkUX5kNejaaDfX,0,Male,Western (European),I did not recognise any,Many,7,2,2,Male,74521,SynecdocheAM,q4,14.683625571625395,0.0901862751396382,76,A
1545,106561_227_monster,R_2OtQC8b2TKvdo6B,0,Male,Western (European),Several,Many,7,4,5,Female,106561,MonsterInLawHM,q1,3.2437061641553826,0.0177445318261359,122,H
1546,106561_227_monster,R_4JECmGOyGP4gNuG,0,Male,Western (European),Several,Many,7,3,2,Female,106561,MonsterInLawHM,q1,3.2437061641553826,0.0177445318261359,122,H
1547,106561_227_monster,R_5zNlLWOhUb0cFFv,1,Female,Western (North American),Many,Many,7,3,2,Female,106561,MonsterInLawHM,q1,3.2437061641553826,0.0177445318261359,122,H
1548,106561_227_monster,R_7Q0B7g9RxECzXxR,0,Female,Western (European),A few,All of them,7,3,2,Female,106561,MonsterInLawHM,q1,3.2437061641553826,0.0177445318261359,122,H
1549,106561_227_monster,R_4YkUX5kNejaaDfX,0,Male,Western (European),I did not recognise any,Many,7,4,2,Female,106561,MonsterInLawHM,q1,3.2437061641553826,0.0177445318261359,122,H
1550,44382_128_copy,R_2OtQC8b2TKvdo6B,0,Male,Western (European),Several,Many,7,5,2,Female,44382,CertifiedCopyAM,q1,3.3654075823590097,0.0183309197464108,52,A
1551,44382_128_copy,R_4JECmGOyGP4gNuG,0,Male,Western (European),Several,Many,7,4,6,Female,44382,CertifiedCopyAM,q1,3.3654075823590097,0.0183309197464108,52,A
1552,44382_128_copy,R_5zNlLWOhUb0cFFv,1,Female,Western (North American),Many,Many,7,3,3,Male,44382,CertifiedCopyAM,q1,3.3654075823590097,0.0183309197464108,52,A
1553,44382_128_copy,R_7Q0B7g9RxECzXxR,0,Female,Western (European),A few,All of them,7,3,2,Female,44382,CertifiedCopyAM,q1,3.3654075823590097,0.0183309197464108,52,A
1554,44382_128_copy,R_4YkUX5kNejaaDfX,0,Male,Western (European),I did not recognise any,Many,7,3,2,Female,44382,CertifiedCopyAM,q1,3.3654075823590097,0.0183309197464108,52,A
1555,36521_70_dark_batman,R_2OtQC8b2TKvdo6B,0,Male,Western (European),Several,Many,7,3,5,Male,36521,TheDarkKnightHM,q3,10.02864459399533,0.0582119985516346,21,H
1556,36521_70_dark_batman,R_4JECmGOyGP4gNuG,0,Male,Western (European),Several,Many,7,3,4,Male,36521,TheDarkKnightHM,q3,10.02864459399533,0.0582119985516346,21,H
1557,36521_70_dark_batman,R_5zNlLWOhUb0cFFv,1,Female,Western (North American),Many,Many,7,5,2,Male,36521,TheDarkKnightHM,q3,10.02864459399533,0.0582119985516346,21,H
1558,36521_70_dark_batman,R_7Q0B7g9RxECzXxR,0,Female,Western (European),A few,All of them,7,3,2,Male,36521,TheDarkKnightHM,q3,10.02864459399533,0.0582119985516346,21,H
1559,36521_70_dark_batman,R_4YkUX5kNejaaDfX,0,Male,Western (European),I did not recognise any,Many,7,2,2,Male,36521,TheDarkKnightHM,q3,10.02864459399533,0.0582119985516346,21,H
1560,82209_186_click,R_2OtQC8b2TKvdo6B,0,Male,Western (European),Several,Many,7,2,2,Male,82209,ClickHM,q3,8.140114306075805,0.0472903136390718,576,H
1561,82209_186_click,R_4JECmGOyGP4gNuG,0,Male,Western (European),Several,Many,7,3,1,Male,82209,ClickHM,q3,8.140114306075805,0.0472903136390718,576,H
1562,82209_186_click,R_5zNlLWOhUb0cFFv,1,Female,Western (North American),Many,Many,7,2,3,Male,82209,ClickHM,q3,8.140114306075805,0.0472903136390718,576,H
1563,82209_186_click,R_7Q0B7g9RxECzXxR,0,Female,Western (European),A few,All of them,7,2,3,Male,82209,ClickHM,q3,8.140114306075805,0.0472903136390718,576,H
1564,82209_186_click,R_4YkUX5kNejaaDfX,0,Male,Western (European),I did not recognise any,Many,7,4,2,Male,82209,ClickHM,q3,8.140114306075805,0.0472903136390718,576,H
1565,102560_284_newyork,R_2OtQC8b2TKvdo6B,0,Male,Western (European),Several,Many,7,3,3,Female,102560,SynecdocheAM,q3,11.781271030710933,0.0704125563233567,103,A
1566,102560_284_newyork,R_4JECmGOyGP4gNuG,0,Male,Western (European),Several,Many,7,3,3,Female,102560,SynecdocheAM,q3,11.781271030710933,0.0704125563233567,103,A
1567,102560_284_newyork,R_5zNlLWOhUb0cFFv,1,Female,Western (North American),Many,Many,7,4,2,Female,102560,SynecdocheAM,q3,11.781271030710933,0.0704125563233567,103,A
1568,102560_284_newyork,R_7Q0B7g9RxECzXxR,0,Female,Western (European),A few,All of them,7,4,2,Female,102560,SynecdocheAM,q3,11.781271030710933,0.0704125563233567,103,A
1569,102560_284_newyork,R_4YkUX5kNejaaDfX,0,Male,Western (European),I did not recognise any,Many,7,5,3,Female,102560,SynecdocheAM,q3,11.781271030710933,0.0704125563233567,103,A
1570,104057_206_dark_batman,R_2OtQC8b2TKvdo6B,0,Male,Western (European),Several,Many,7,2,2,Female,104057,TheDarkKnightHM,q3,8.87365382053303,0.0521805360541648,59,H
1571,104057_206_dark_batman,R_4JECmGOyGP4gNuG,0,Male,Western (European),Several,Many,7,5,1,Female,104057,TheDarkKnightHM,q3,8.87365382053303,0.0521805360541648,59,H
1572,104057_206_dark_batman,R_5zNlLWOhUb0cFFv,1,Female,Western (North American),Many,Many,7,5,2,Female,104057,TheDarkKnightHM,q3,8.87365382053303,0.0521805360541648,59,H
1573,104057_206_dark_batman,R_7Q0B7g9RxECzXxR,0,Female,Western (European),A few,All of them,7,5,1,Female,104057,TheDarkKnightHM,q3,8.87365382053303,0.0521805360541648,59,H
1574,104057_206_dark_batman,R_4YkUX5kNejaaDfX,0,Male,Western (European),I did not recognise any,Many,7,3,2,Female,104057,TheDarkKnightHM,q3,8.87365382053303,0.0521805360541648,59,H
1575,75947_210_copy,R_2OtQC8b2TKvdo6B,0,Male,Western (European),Several,Many,7,2,3,Female,75947,CertifiedCopyAM,q1,5.468006760409428,0.030029165874727,98,A
1576,75947_210_copy,R_4JECmGOyGP4gNuG,0,Male,Western (European),Several,Many,7,2,2,Female,75947,CertifiedCopyAM,q1,5.468006760409428,0.030029165874727,98,A
1577,75947_210_copy,R_5zNlLWOhUb0cFFv,1,Female,Western (North American),Many,Many,7,2,2,Male,75947,CertifiedCopyAM,q1,5.468006760409428,0.030029165874727,98,A
1578,75947_210_copy,R_7Q0B7g9RxECzXxR,0,Female,Western (European),A few,All of them,7,3,3,Female,75947,CertifiedCopyAM,q1,5.468006760409428,0.030029165874727,98,A
1579,75947_210_copy,R_4YkUX5kNejaaDfX,0,Male,Western (European),I did not recognise any,Many,7,2,2,Female,75947,CertifiedCopyAM,q1,5.468006760409428,0.030029165874727,98,A
1580,106742_162_clean,R_2OtQC8b2TKvdo6B,0,Male,Western (European),Several,Many,7,3,3,Male,106742,CleanAM,q4,14.1781743114696,0.0890899201575047,98,A
1581,106742_162_clean,R_4JECmGOyGP4gNuG,0,Male,Western (European),Several,Many,7,2,3,Male,106742,CleanAM,q4,14.1781743114696,0.0890899201575047,98,A
1582,106742_162_clean,R_5zNlLWOhUb0cFFv,1,Female,Western (North American),Many,Many,7,3,4,Male,106742,CleanAM,q4,14.1781743114696,0.0890899201575047,98,A
1583,106742_162_clean,R_7Q0B7g9RxECzXxR,0,Female,Western (European),A few,All of them,7,4,3,Male,106742,CleanAM,q4,14.1781743114696,0.0890899201575047,98,A
1584,106742_162_clean,R_4YkUX5kNejaaDfX,0,Male,Western (European),I did not recognise any,Many,7,3,3,Male,106742,CleanAM,q4,14.1781743114696,0.0890899201575047,98,A
1585,125737_291_allornothing,R_2OtQC8b2TKvdo6B,0,Male,Western (European),Several,Many,7,2,2,Female,125737,AllOrNothingAM,q2,7.980444257682863,0.04911129847316,127,A
1586,125737_291_allornothing,R_4JECmGOyGP4gNuG,0,Male,Western (European),Several,Many,7,1,1,Female,125737,AllOrNothingAM,q2,7.980444257682863,0.04911129847316,127,A
1587,125737_291_allornothing,R_5zNlLWOhUb0cFFv,1,Female,Western (North American),Many,Many,7,1,1,Female,125737,AllOrNothingAM,q2,7.980444257682863,0.04911129847316,127,A
1588,125737_291_allornothing,R_7Q0B7g9RxECzXxR,0,Female,Western (European),A few,All of them,7,2,2,Female,125737,AllOrNothingAM,q2,7.980444257682863,0.04911129847316,127,A
1589,125737_291_allornothing,R_4YkUX5kNejaaDfX,0,Male,Western (European),I did not recognise any,Many,7,2,2,Female,125737,AllOrNothingAM,q2,7.980444257682863,0.04911129847316,127,A
1590,138920_404_copy,R_2OtQC8b2TKvdo6B,0,Male,Western (European),Several,Many,7,1,3,Female,138920,CertifiedCopyAM,q1,5.304489710298985,0.0303576281340915,147,A
1591,138920_404_copy,R_4JECmGOyGP4gNuG,0,Male,Western (European),Several,Many,7,2,3,Female,138920,CertifiedCopyAM,q1,5.304489710298985,0.0303576281340915,147,A
1592,138920_404_copy,R_5zNlLWOhUb0cFFv,1,Female,Western (North American),Many,Many,7,3,4,Female,138920,CertifiedCopyAM,q1,5.304489710298985,0.0303576281340915,147,A
1593,138920_404_copy,R_7Q0B7g9RxECzXxR,0,Female,Western (European),A few,All of them,7,1,1,Female,138920,CertifiedCopyAM,q1,5.304489710298985,0.0303576281340915,147,A
1594,138920_404_copy,R_4YkUX5kNejaaDfX,0,Male,Western (European),I did not recognise any,Many,7,4,2,Female,138920,CertifiedCopyAM,q1,5.304489710298985,0.0303576281340915,147,A
1595,40562_81_monster,R_2OtQC8b2TKvdo6B,0,Male,Western (European),Several,Many,7,3,2,Female,40562,MonsterInLawHM,q2,6.507186179616666,0.0368966627670133,49,H
1596,40562_81_monster,R_4JECmGOyGP4gNuG,0,Male,Western (European),Several,Many,7,5,4,Female,40562,MonsterInLawHM,q2,6.507186179616666,0.0368966627670133,49,H
1597,40562_81_monster,R_5zNlLWOhUb0cFFv,1,Female,Western (North American),Many,Many,7,4,3,Female,40562,MonsterInLawHM,q2,6.507186179616666,0.0368966627670133,49,H
1598,40562_81_monster,R_7Q0B7g9RxECzXxR,0,Female,Western (European),A few,All of them,7,5,3,Female,40562,MonsterInLawHM,q2,6.507186179616666,0.0368966627670133,49,H
1599,40562_81_monster,R_4YkUX5kNejaaDfX,0,Male,Western (European),I did not recognise any,Many,7,4,3,Female,40562,MonsterInLawHM,q2,6.507186179616666,0.0368966627670133,49,H
1600,61521_101_spider,R_2OtQC8b2TKvdo6B,0,Male,Western (European),Several,Many,7,1,2,Male,61521,SpiderAM,q4,13.844790995442365,0.084940927554535,46,A
1601,61521_101_spider,R_4JECmGOyGP4gNuG,0,Male,Western (European),Several,Many,7,2,1,Male,61521,SpiderAM,q4,13.844790995442365,0.084940927554535,46,A
1602,61521_101_spider,R_5zNlLWOhUb0cFFv,1,Female,Western (North American),Many,Many,7,2,2,Male,61521,SpiderAM,q4,13.844790995442365,0.084940927554535,46,A
1603,61521_101_spider,R_7Q0B7g9RxECzXxR,0,Female,Western (European),A few,All of them,7,4,1,Male,61521,SpiderAM,q4,13.844790995442365,0.084940927554535,46,A
1604,61521_101_spider,R_4YkUX5kNejaaDfX,0,Male,Western (European),I did not recognise any,Many,7,4,1,Male,61521,SpiderAM,q4,13.844790995442365,0.084940927554535,46,A
1605,101583_181_spider,R_2OtQC8b2TKvdo6B,0,Male,Western (European),Several,Many,7,2,2,Male,101583,SpiderAM,q3,8.0010224428264,0.0475507573071814,85,A
1606,101583_181_spider,R_4JECmGOyGP4gNuG,0,Male,Western (European),Several,Many,7,3,3,Male,101583,SpiderAM,q3,8.0010224428264,0.0475507573071814,85,A
1607,101583_181_spider,R_5zNlLWOhUb0cFFv,1,Female,Western (North American),Many,Many,7,2,1,Male,101583,SpiderAM,q3,8.0010224428264,0.0475507573071814,85,A
1608,101583_181_spider,R_7Q0B7g9RxECzXxR,0,Female,Western (European),A few,All of them,7,4,3,Male,101583,SpiderAM,q3,8.0010224428264,0.0475507573071814,85,A
1609,101583_181_spider,R_4YkUX5kNejaaDfX,0,Male,Western (European),I did not recognise any,Many,7,3,2,Male,101583,SpiderAM,q3,8.0010224428264,0.0475507573071814,85,A
1610,2505_1_pirates,R_2OtQC8b2TKvdo6B,0,Male,Western (European),Several,Many,7,3,1,Female,2505,PiratesOfCaribbeanHM,q1,3.11835417741515,0.0172668365897751,289,H
1611,2505_1_pirates,R_4JECmGOyGP4gNuG,0,Male,Western (European),Several,Many,7,4,1,Female,2505,PiratesOfCaribbeanHM,q1,3.11835417741515,0.0172668365897751,289,H
1612,2505_1_pirates,R_5zNlLWOhUb0cFFv,1,Female,Western (North American),Many,Many,7,5,3,Female,2505,PiratesOfCaribbeanHM,q1,3.11835417741515,0.0172668365897751,289,H
1613,2505_1_pirates,R_7Q0B7g9RxECzXxR,0,Female,Western (European),A few,All of them,7,5,1,Female,2505,PiratesOfCaribbeanHM,q1,3.11835417741515,0.0172668365897751,289,H
1614,2505_1_pirates,R_4YkUX5kNejaaDfX,0,Male,Western (European),I did not recognise any,Many,7,2,1,Female,2505,PiratesOfCaribbeanHM,q1,3.11835417741515,0.0172668365897751,289,H
1615,22532_41_monster,R_2OtQC8b2TKvdo6B,0,Male,Western (European),Several,Many,7,4,3,Male,22532,MonsterInLawHM,q2,8.557893426197476,0.050932577664103,22,H
1616,22532_41_monster,R_4JECmGOyGP4gNuG,0,Male,Western (European),Several,Many,7,4,3,Male,22532,MonsterInLawHM,q2,8.557893426197476,0.050932577664103,22,H
1617,22532_41_monster,R_5zNlLWOhUb0cFFv,1,Female,Western (North American),Many,Many,7,1,1,Male,22532,MonsterInLawHM,q2,8.557893426197476,0.050932577664103,22,H
1618,22532_41_monster,R_7Q0B7g9RxECzXxR,0,Female,Western (European),A few,All of them,7,3,2,Male,22532,MonsterInLawHM,q2,8.557893426197476,0.050932577664103,22,H
1619,22532_41_monster,R_4YkUX5kNejaaDfX,0,Male,Western (European),I did not recognise any,Many,7,3,2,Male,22532,MonsterInLawHM,q2,8.557893426197476,0.050932577664103,22,H
1620,41689_73_bright,R_2OtQC8b2TKvdo6B,0,Male,Western (European),Several,Many,7,3,2,Male,41689,BrightStarAM,q4,11.342989577514164,0.0683904189423695,31,A
1621,41689_73_bright,R_4JECmGOyGP4gNuG,0,Male,Western (European),Several,Many,7,3,2,Male,41689,BrightStarAM,q4,11.342989577514164,0.0683904189423695,31,A
1622,41689_73_bright,R_5zNlLWOhUb0cFFv,1,Female,Western (North American),Many,Many,7,3,2,Male,41689,BrightStarAM,q4,11.342989577514164,0.0683904189423695,31,A
1623,41689_73_bright,R_7Q0B7g9RxECzXxR,0,Female,Western (European),A few,All of them,7,1,1,Male,41689,BrightStarAM,q4,11.342989577514164,0.0683904189423695,31,A
1624,41689_73_bright,R_4YkUX5kNejaaDfX,0,Male,Western (European),I did not recognise any,Many,7,4,2,Male,41689,BrightStarAM,q4,11.342989577514164,0.0683904189423695,31,A
1625,6905_6_monster,R_2OtQC8b2TKvdo6B,0,Male,Western (European),Several,Many,7,2,3,Male,6905,MonsterInLawHM,q2,6.2245095659580265,0.0346988219595146,4,H
1626,6905_6_monster,R_4JECmGOyGP4gNuG,0,Male,Western (European),Several,Many,7,1,1,Male,6905,MonsterInLawHM,q2,6.2245095659580265,0.0346988219595146,4,H
1627,6905_6_monster,R_5zNlLWOhUb0cFFv,1,Female,Western (North American),Many,Many,7,2,1,Male,6905,MonsterInLawHM,q2,6.2245095659580265,0.0346988219595146,4,H
1628,6905_6_monster,R_7Q0B7g9RxECzXxR,0,Female,Western (European),A few,All of them,7,2,2,Male,6905,MonsterInLawHM,q2,6.2245095659580265,0.0346988219595146,4,H
1629,6905_6_monster,R_4YkUX5kNejaaDfX,0,Male,Western (European),I did not recognise any,Many,7,2,2,Male,6905,MonsterInLawHM,q2,6.2245095659580265,0.0346988219595146,4,H
1630,111161_245_click,R_2OtQC8b2TKvdo6B,0,Male,Western (European),Several,Many,7,3,1,Male,111161,ClickHM,q4,12.390626202773037,0.0760295418899084,431,H
1631,111161_245_click,R_4JECmGOyGP4gNuG,0,Male,Western (European),Several,Many,7,4,1,Male,111161,ClickHM,q4,12.390626202773037,0.0760295418899084,431,H
1632,111161_245_click,R_5zNlLWOhUb0cFFv,1,Female,Western (North American),Many,Many,7,4,3,Male,111161,ClickHM,q4,12.390626202773037,0.0760295418899084,431,H
1633,111161_245_click,R_7Q0B7g9RxECzXxR,0,Female,Western (European),A few,All of them,7,3,1,Male,111161,ClickHM,q4,12.390626202773037,0.0760295418899084,431,H
1634,111161_245_click,R_4YkUX5kNejaaDfX,0,Male,Western (European),I did not recognise any,Many,7,3,1,Male,111161,ClickHM,q4,12.390626202773037,0.0760295418899084,431,H
1635,113057_121_kvant,R_2OtQC8b2TKvdo6B,0,Male,Western (European),Several,Many,7,3,1,Female,113057,QuantumOfSolaceHM,q2,7.526138954710659,0.0416791410252846,67,H
1636,113057_121_kvant,R_4JECmGOyGP4gNuG,0,Male,Western (European),Several,Many,7,1,1,Female,113057,QuantumOfSolaceHM,q2,7.526138954710659,0.0416791410252846,67,H
1637,113057_121_kvant,R_5zNlLWOhUb0cFFv,1,Female,Western (North American),Many,Many,7,2,2,Female,113057,QuantumOfSolaceHM,q2,7.526138954710659,0.0416791410252846,67,H
1638,113057_121_kvant,R_7Q0B7g9RxECzXxR,0,Female,Western (European),A few,All of them,7,1,1,Female,113057,QuantumOfSolaceHM,q2,7.526138954710659,0.0416791410252846,67,H
1639,113057_121_kvant,R_4YkUX5kNejaaDfX,0,Male,Western (European),I did not recognise any,Many,7,2,1,Female,113057,QuantumOfSolaceHM,q2,7.526138954710659,0.0416791410252846,67,H
1640,55585_89_spider,R_2OtQC8b2TKvdo6B,0,Male,Western (European),Several,Many,7,4,1,Male,55585,SpiderAM,q3,9.748180189157091,0.0598981608577653,41,A
1641,55585_89_spider,R_4JECmGOyGP4gNuG,0,Male,Western (European),Several,Many,7,5,1,Male,55585,SpiderAM,q3,9.748180189157091,0.0598981608577653,41,A
1642,55585_89_spider,R_5zNlLWOhUb0cFFv,1,Female,Western (North American),Many,Many,7,3,2,Male,55585,SpiderAM,q3,9.748180189157091,0.0598981608577653,41,A
1643,55585_89_spider,R_7Q0B7g9RxECzXxR,0,Female,Western (European),A few,All of them,7,3,1,Male,55585,SpiderAM,q3,9.748180189157091,0.0598981608577653,41,A
1644,55585_89_spider,R_4YkUX5kNejaaDfX,0,Male,Western (European),I did not recognise any,Many,7,5,1,Male,55585,SpiderAM,q3,9.748180189157091,0.0598981608577653,41,A
1645,41414_56_clean,R_2OtQC8b2TKvdo6B,0,Male,Western (European),Several,Many,7,3,2,Male,41414,CleanAM,q3,9.124524144485015,0.0519049732847862,27,A
1646,41414_56_clean,R_4JECmGOyGP4gNuG,0,Male,Western (European),Several,Many,7,2,1,Male,41414,CleanAM,q3,9.124524144485015,0.0519049732847862,27,A
1647,41414_56_clean,R_5zNlLWOhUb0cFFv,1,Female,Western (North American),Many,Many,7,2,2,Male,41414,CleanAM,q3,9.124524144485015,0.0519049732847862,27,A
1648,41414_56_clean,R_7Q0B7g9RxECzXxR,0,Female,Western (European),A few,All of them,7,2,1,Male,41414,CleanAM,q3,9.124524144485015,0.0519049732847862,27,A
1649,41414_56_clean,R_4YkUX5kNejaaDfX,0,Male,Western (European),I did not recognise any,Many,7,4,1,Male,41414,CleanAM,q3,9.124524144485015,0.0519049732847862,27,A
1650,66849_179_newyork,R_2OtQC8b2TKvdo6B,0,Male,Western (European),Several,Many,7,1,1,Male,66849,SynecdocheAM,q4,12.078194102615226,0.0702587053893193,70,A
1651,66849_179_newyork,R_4JECmGOyGP4gNuG,0,Male,Western (European),Several,Many,7,3,1,Male,66849,SynecdocheAM,q4,12.078194102615226,0.0702587053893193,70,A
1652,66849_179_newyork,R_5zNlLWOhUb0cFFv,1,Female,Western (North American),Many,Many,7,4,2,Male,66849,SynecdocheAM,q4,12.078194102615226,0.0702587053893193,70,A
1653,66849_179_newyork,R_7Q0B7g9RxECzXxR,0,Female,Western (European),A few,All of them,7,4,2,Male,66849,SynecdocheAM,q4,12.078194102615226,0.0702587053893193,70,A
1654,66849_179_newyork,R_4YkUX5kNejaaDfX,0,Male,Western (European),I did not recognise any,Many,7,4,3,Male,66849,SynecdocheAM,q4,12.078194102615226,0.0702587053893193,70,A
1655,165881_413_allornothing,R_2OtQC8b2TKvdo6B,0,Male,Western (European),Several,Many,7,4,2,Female,165881,AllOrNothingAM,q3,10.25932873099384,0.0609216756921178,198,A
1656,165881_413_allornothing,R_4JECmGOyGP4gNuG,0,Male,Western (European),Several,Many,7,7,1,Female,165881,AllOrNothingAM,q3,10.25932873099384,0.0609216756921178,198,A
1657,165881_413_allornothing,R_5zNlLWOhUb0cFFv,1,Female,Western (North American),Many,Many,7,5,3,Female,165881,AllOrNothingAM,q3,10.25932873099384,0.0609216756921178,198,A
1658,165881_413_allornothing,R_7Q0B7g9RxECzXxR,0,Female,Western (European),A few,All of them,7,6,2,Female,165881,AllOrNothingAM,q3,10.25932873099384,0.0609216756921178,198,A
1659,165881_413_allornothing,R_4YkUX5kNejaaDfX,0,Male,Western (European),I did not recognise any,Many,7,5,1,Female,165881,AllOrNothingAM,q3,10.25932873099384,0.0609216756921178,198,A
1660,79617_140_spider,R_2OtQC8b2TKvdo6B,0,Male,Western (European),Several,Many,7,3,2,Female,79617,SpiderAM,q1,4.028535344666764,0.0221565743738973,65,A
1661,79617_140_spider,R_4JECmGOyGP4gNuG,0,Male,Western (European),Several,Many,7,3,1,Female,79617,SpiderAM,q1,4.028535344666764,0.0221565743738973,65,A
1662,79617_140_spider,R_5zNlLWOhUb0cFFv,1,Female,Western (North American),Many,Many,7,4,2,Female,79617,SpiderAM,q1,4.028535344666764,0.0221565743738973,65,A
1663,79617_140_spider,R_7Q0B7g9RxECzXxR,0,Female,Western (European),A few,All of them,7,3,2,Female,79617,SpiderAM,q1,4.028535344666764,0.0221565743738973,65,A
1664,79617_140_spider,R_4YkUX5kNejaaDfX,0,Male,Western (European),I did not recognise any,Many,7,5,2,Female,79617,SpiderAM,q1,4.028535344666764,0.0221565743738973,65,A
1665,79341_185_allornothing,R_2OtQC8b2TKvdo6B,0,Male,Western (European),Several,Many,7,2,3,Male,79341,AllOrNothingAM,q2,6.82808832275603,0.0392468794018088,62,A
1666,79341_185_allornothing,R_4JECmGOyGP4gNuG,0,Male,Western (European),Several,Many,7,3,5,Male,79341,AllOrNothingAM,q2,6.82808832275603,0.0392468794018088,62,A
1667,79341_185_allornothing,R_5zNlLWOhUb0cFFv,1,Female,Western (North American),Many,Many,7,3,2,Male,79341,AllOrNothingAM,q2,6.82808832275603,0.0392468794018088,62,A
1668,79341_185_allornothing,R_7Q0B7g9RxECzXxR,0,Female,Western (European),A few,All of them,7,2,2,Male,79341,AllOrNothingAM,q2,6.82808832275603,0.0392468794018088,62,A
1669,79341_185_allornothing,R_4YkUX5kNejaaDfX,0,Male,Western (European),I did not recognise any,Many,7,3,4,Male,79341,AllOrNothingAM,q2,6.82808832275603,0.0392468794018088,62,A
1670,115927_344_copy,R_2OtQC8b2TKvdo6B,0,Male,Western (European),Several,Many,7,1,2,Female,115927,CertifiedCopyAM,q1,4.276704554364186,0.023823004904878,126,A
1671,115927_344_copy,R_4JECmGOyGP4gNuG,0,Male,Western (European),Several,Many,7,3,1,Female,115927,CertifiedCopyAM,q1,4.276704554364186,0.023823004904878,126,A
1672,115927_344_copy,R_5zNlLWOhUb0cFFv,1,Female,Western (North American),Many,Many,7,3,3,Male,115927,CertifiedCopyAM,q1,4.276704554364186,0.023823004904878,126,A
1673,115927_344_copy,R_7Q0B7g9RxECzXxR,0,Female,Western (European),A few,All of them,7,2,1,Female,115927,CertifiedCopyAM,q1,4.276704554364186,0.023823004904878,126,A
1674,115927_344_copy,R_4YkUX5kNejaaDfX,0,Male,Western (European),I did not recognise any,Many,7,3,2,Female,115927,CertifiedCopyAM,q1,4.276704554364186,0.023823004904878,126,A
1675,86513_91_kvant,R_2OtQC8b2TKvdo6B,0,Male,Western (European),Several,Many,7,3,4,Male,86513,QuantumOfSolaceHM,q4,11.65044899984916,0.0688566637551726,47,H
1676,86513_91_kvant,R_4JECmGOyGP4gNuG,0,Male,Western (European),Several,Many,7,3,2,Male,86513,QuantumOfSolaceHM,q4,11.65044899984916,0.0688566637551726,47,H
1677,86513_91_kvant,R_5zNlLWOhUb0cFFv,1,Female,Western (North American),Many,Many,7,3,4,Male,86513,QuantumOfSolaceHM,q4,11.65044899984916,0.0688566637551726,47,H
1678,86513_91_kvant,R_7Q0B7g9RxECzXxR,0,Female,Western (European),A few,All of them,7,4,2,Male,86513,QuantumOfSolaceHM,q4,11.65044899984916,0.0688566637551726,47,H
1679,86513_91_kvant,R_4YkUX5kNejaaDfX,0,Male,Western (European),I did not recognise any,Many,7,2,3,Male,86513,QuantumOfSolaceHM,q4,11.65044899984916,0.0688566637551726,47,H
1680,90169_192_monster,R_2OtQC8b2TKvdo6B,0,Male,Western (European),Several,Many,7,3,2,Female,90169,MonsterInLawHM,q1,4.379570857031026,0.0241085804426273,108,H
1681,90169_192_monster,R_4JECmGOyGP4gNuG,0,Male,Western (European),Several,Many,7,4,1,Female,90169,MonsterInLawHM,q1,4.379570857031026,0.0241085804426273,108,H
1682,90169_192_monster,R_5zNlLWOhUb0cFFv,1,Female,Western (North American),Many,Many,7,4,2,Male,90169,MonsterInLawHM,q1,4.379570857031026,0.0241085804426273,108,H
1683,90169_192_monster,R_7Q0B7g9RxECzXxR,0,Female,Western (European),A few,All of them,7,5,2,Female,90169,MonsterInLawHM,q1,4.379570857031026,0.0241085804426273,108,H
1684,90169_192_monster,R_4YkUX5kNejaaDfX,0,Male,Western (European),I did not recognise any,Many,7,4,2,Female,90169,MonsterInLawHM,q1,4.379570857031026,0.0241085804426273,108,H
1685,130041_308_click,R_2OtQC8b2TKvdo6B,0,Male,Western (European),Several,Many,7,4,5,Female,130041,ClickHM,q4,14.16230606461193,0.0875678887061494,552,H
1686,130041_308_click,R_4JECmGOyGP4gNuG,0,Male,Western (European),Several,Many,7,4,2,Female,130041,ClickHM,q4,14.16230606461193,0.0875678887061494,552,H
1687,130041_308_click,R_5zNlLWOhUb0cFFv,1,Female,Western (North American),Many,Many,7,3,3,Female,130041,ClickHM,q4,14.16230606461193,0.0875678887061494,552,H
1688,130041_308_click,R_7Q0B7g9RxECzXxR,0,Female,Western (European),A few,All of them,7,3,2,Female,130041,ClickHM,q4,14.16230606461193,0.0875678887061494,552,H
1689,130041_308_click,R_4YkUX5kNejaaDfX,0,Male,Western (European),I did not recognise any,Many,7,4,4,Female,130041,ClickHM,q4,14.16230606461193,0.0875678887061494,552,H
1690,52443_109_click,R_2OtQC8b2TKvdo6B,0,Male,Western (European),Several,Many,7,5,2,Male,52443,ClickHM,q3,8.958455094899938,0.0545428414136232,506,H
1691,52443_109_click,R_4JECmGOyGP4gNuG,0,Male,Western (European),Several,Many,7,7,7,Male,52443,ClickHM,q3,8.958455094899938,0.0545428414136232,506,H
1692,52443_109_click,R_5zNlLWOhUb0cFFv,1,Female,Western (North American),Many,Many,7,4,4,Male,52443,ClickHM,q3,8.958455094899938,0.0545428414136232,506,H
1693,52443_109_click,R_7Q0B7g9RxECzXxR,0,Female,Western (European),A few,All of them,7,4,3,Male,52443,ClickHM,q3,8.958455094899938,0.0545428414136232,506,H
1694,52443_109_click,R_4YkUX5kNejaaDfX,0,Male,Western (European),I did not recognise any,Many,7,4,3,Male,52443,ClickHM,q3,8.958455094899938,0.0545428414136232,506,H
1695,112913_120_kvant,R_2OtQC8b2TKvdo6B,0,Male,Western (European),Several,Many,7,1,2,Female,112913,QuantumOfSolaceHM,q3,8.638355186901434,0.0490946840878005,66,H
1696,112913_120_kvant,R_4JECmGOyGP4gNuG,0,Male,Western (European),Several,Many,7,3,1,Female,112913,QuantumOfSolaceHM,q3,8.638355186901434,0.0490946840878005,66,H
1697,112913_120_kvant,R_5zNlLWOhUb0cFFv,1,Female,Western (North American),Many,Many,7,3,2,Female,112913,QuantumOfSolaceHM,q3,8.638355186901434,0.0490946840878005,66,H
1698,112913_120_kvant,R_7Q0B7g9RxECzXxR,0,Female,Western (European),A few,All of them,7,2,1,Female,112913,QuantumOfSolaceHM,q3,8.638355186901434,0.0490946840878005,66,H
1699,112913_120_kvant,R_4YkUX5kNejaaDfX,0,Male,Western (European),I did not recognise any,Many,7,2,1,Female,112913,QuantumOfSolaceHM,q3,8.638355186901434,0.0490946840878005,66,H
1700,103905_226_click,R_2OtQC8b2TKvdo6B,0,Male,Western (European),Several,Many,7,3,2,Male,103905,ClickHM,q4,14.857424344283729,0.0866880875732862,393,H
1701,103905_226_click,R_4JECmGOyGP4gNuG,0,Male,Western (European),Several,Many,7,6,4,Male,103905,ClickHM,q4,14.857424344283729,0.0866880875732862,393,H
1702,103905_226_click,R_5zNlLWOhUb0cFFv,1,Female,Western (North American),Many,Many,7,4,3,Male,103905,ClickHM,q4,14.857424344283729,0.0866880875732862,393,H
1703,103905_226_click,R_7Q0B7g9RxECzXxR,0,Female,Western (European),A few,All of them,7,3,2,Male,103905,ClickHM,q4,14.857424344283729,0.0866880875732862,393,H
1704,103905_226_click,R_4YkUX5kNejaaDfX,0,Male,Western (European),I did not recognise any,Many,7,3,2,Male,103905,ClickHM,q4,14.857424344283729,0.0866880875732862,393,H
1705,115129_253_click,R_2OtQC8b2TKvdo6B,0,Male,Western (European),Several,Many,7,3,2,Male,115129,ClickHM,q4,11.659735863649036,0.068180767782116,446,H
1706,115129_253_click,R_4JECmGOyGP4gNuG,0,Male,Western (European),Several,Many,7,3,1,Male,115129,ClickHM,q4,11.659735863649036,0.068180767782116,446,H
1707,115129_253_click,R_5zNlLWOhUb0cFFv,1,Female,Western (North American),Many,Many,7,3,2,Male,115129,ClickHM,q4,11.659735863649036,0.068180767782116,446,H
1708,115129_253_click,R_7Q0B7g9RxECzXxR,0,Female,Western (European),A few,All of them,7,1,1,Male,115129,ClickHM,q4,11.659735863649036,0.068180767782116,446,H
1709,115129_253_click,R_4YkUX5kNejaaDfX,0,Male,Western (European),I did not recognise any,Many,7,1,1,Male,115129,ClickHM,q4,11.659735863649036,0.068180767782116,446,H
1710,140929_332_allornothing,R_2OtQC8b2TKvdo6B,0,Male,Western (European),Several,Many,7,2,2,Female,140929,AllOrNothingAM,q2,8.36801528151554,0.0485449970516213,146,A
1711,140929_332_allornothing,R_4JECmGOyGP4gNuG,0,Male,Western (European),Several,Many,7,4,2,Female,140929,AllOrNothingAM,q2,8.36801528151554,0.0485449970516213,146,A
1712,140929_332_allornothing,R_5zNlLWOhUb0cFFv,1,Female,Western (North American),Many,Many,7,5,5,Female,140929,AllOrNothingAM,q2,8.36801528151554,0.0485449970516213,146,A
1713,140929_332_allornothing,R_7Q0B7g9RxECzXxR,0,Female,Western (European),A few,All of them,7,4,2,Female,140929,AllOrNothingAM,q2,8.36801528151554,0.0485449970516213,146,A
1714,140929_332_allornothing,R_4YkUX5kNejaaDfX,0,Male,Western (European),I did not recognise any,Many,7,5,3,Female,140929,AllOrNothingAM,q2,8.36801528151554,0.0485449970516213,146,A
1715,122396_216_spider,R_2OtQC8b2TKvdo6B,0,Male,Western (European),Several,Many,7,3,1,Male,122396,SpiderAM,q3,8.20795638648049,0.0481525383451763,101,A
1716,122396_216_spider,R_4JECmGOyGP4gNuG,0,Male,Western (European),Several,Many,7,5,1,Male,122396,SpiderAM,q3,8.20795638648049,0.0481525383451763,101,A
1717,122396_216_spider,R_5zNlLWOhUb0cFFv,1,Female,Western (North American),Many,Many,7,5,3,Male,122396,SpiderAM,q3,8.20795638648049,0.0481525383451763,101,A
1718,122396_216_spider,R_7Q0B7g9RxECzXxR,0,Female,Western (European),A few,All of them,7,3,2,Male,122396,SpiderAM,q3,8.20795638648049,0.0481525383451763,101,A
1719,122396_216_spider,R_4YkUX5kNejaaDfX,0,Male,Western (European),I did not recognise any,Many,7,4,1,Male,122396,SpiderAM,q3,8.20795638648049,0.0481525383451763,101,A
1720,60121_131_click,R_2OtQC8b2TKvdo6B,0,Male,Western (European),Several,Many,7,3,1,Male,60121,ClickHM,q4,15.216997446495212,0.0934249483103024,369,H
1721,60121_131_click,R_4JECmGOyGP4gNuG,0,Male,Western (European),Several,Many,7,5,7,Male,60121,ClickHM,q4,15.216997446495212,0.0934249483103024,369,H
1722,60121_131_click,R_5zNlLWOhUb0cFFv,1,Female,Western (North American),Many,Many,7,2,1,Male,60121,ClickHM,q4,15.216997446495212,0.0934249483103024,369,H
1723,60121_131_click,R_7Q0B7g9RxECzXxR,0,Female,Western (European),A few,All of them,7,3,2,Male,60121,ClickHM,q4,15.216997446495212,0.0934249483103024,369,H
1724,60121_131_click,R_4YkUX5kNejaaDfX,0,Male,Western (European),I did not recognise any,Many,7,2,2,Male,60121,ClickHM,q4,15.216997446495212,0.0934249483103024,369,H
1725,95650_170_spider,R_2OtQC8b2TKvdo6B,0,Male,Western (European),Several,Many,7,3,2,Male,95650,SpiderAM,q1,3.665891953722726,0.0208685956034396,79,A
1726,95650_170_spider,R_4JECmGOyGP4gNuG,0,Male,Western (European),Several,Many,7,5,2,Male,95650,SpiderAM,q1,3.665891953722726,0.0208685956034396,79,A
1727,95650_170_spider,R_5zNlLWOhUb0cFFv,1,Female,Western (North American),Many,Many,7,5,2,Male,95650,SpiderAM,q1,3.665891953722726,0.0208685956034396,79,A
1728,95650_170_spider,R_7Q0B7g9RxECzXxR,0,Female,Western (European),A few,All of them,7,3,1,Male,95650,SpiderAM,q1,3.665891953722726,0.0208685956034396,79,A
1729,95650_170_spider,R_4YkUX5kNejaaDfX,0,Male,Western (European),I did not recognise any,Many,7,3,1,Male,95650,SpiderAM,q1,3.665891953722726,0.0208685956034396,79,A
1730,86345_196_allornothing,R_2OtQC8b2TKvdo6B,0,Male,Western (European),Several,Many,7,5,3,Female,86345,AllOrNothingAM,q2,6.525567813311807,0.0383063558755812,68,A
1731,86345_196_allornothing,R_4JECmGOyGP4gNuG,0,Male,Western (European),Several,Many,7,3,1,Female,86345,AllOrNothingAM,q2,6.525567813311807,0.0383063558755812,68,A
1732,86345_196_allornothing,R_5zNlLWOhUb0cFFv,1,Female,Western (North American),Many,Many,7,3,2,Female,86345,AllOrNothingAM,q2,6.525567813311807,0.0383063558755812,68,A
1733,86345_196_allornothing,R_7Q0B7g9RxECzXxR,0,Female,Western (European),A few,All of them,7,3,2,Female,86345,AllOrNothingAM,q2,6.525567813311807,0.0383063558755812,68,A
1734,86345_196_allornothing,R_4YkUX5kNejaaDfX,0,Male,Western (European),I did not recognise any,Many,7,4,1,Female,86345,AllOrNothingAM,q2,6.525567813311807,0.0383063558755812,68,A
1735,134745_320_click,R_2OtQC8b2TKvdo6B,0,Male,Western (European),Several,Many,7,2,1,Male,134745,ClickHM,q2,7.365760637052976,0.0411410685776667,575,H
1736,134745_320_click,R_4JECmGOyGP4gNuG,0,Male,Western (European),Several,Many,7,3,1,Male,134745,ClickHM,q2,7.365760637052976,0.0411410685776667,575,H
1737,134745_320_click,R_5zNlLWOhUb0cFFv,1,Female,Western (North American),Many,Many,7,4,3,Male,134745,ClickHM,q2,7.365760637052976,0.0411410685776667,575,H
1738,134745_320_click,R_7Q0B7g9RxECzXxR,0,Female,Western (European),A few,All of them,7,3,1,Male,134745,ClickHM,q2,7.365760637052976,0.0411410685776667,575,H
1739,134745_320_click,R_4YkUX5kNejaaDfX,0,Male,Western (European),I did not recognise any,Many,7,4,3,Male,134745,ClickHM,q2,7.365760637052976,0.0411410685776667,575,H
1740,92369_248_newyork,R_2OtQC8b2TKvdo6B,0,Male,Western (European),Several,Many,7,2,2,Male,92369,SynecdocheAM,q2,7.32888943929471,0.0408759366621068,92,A
1741,92369_248_newyork,R_4JECmGOyGP4gNuG,0,Male,Western (European),Several,Many,7,4,4,Male,92369,SynecdocheAM,q2,7.32888943929471,0.0408759366621068,92,A
1742,92369_248_newyork,R_5zNlLWOhUb0cFFv,1,Female,Western (North American),Many,Many,7,4,3,Male,92369,SynecdocheAM,q2,7.32888943929471,0.0408759366621068,92,A
1743,92369_248_newyork,R_7Q0B7g9RxECzXxR,0,Female,Western (European),A few,All of them,7,3,1,Male,92369,SynecdocheAM,q2,7.32888943929471,0.0408759366621068,92,A
1744,92369_248_newyork,R_4YkUX5kNejaaDfX,0,Male,Western (European),I did not recognise any,Many,7,5,2,Male,92369,SynecdocheAM,q2,7.32888943929471,0.0408759366621068,92,A
1745,10529_3_dark_batman,R_2OtQC8b2TKvdo6B,0,Male,Western (European),Several,Many,7,4,1,Male,10529,TheDarkKnightHM,q4,14.472616192652358,0.0844338311958276,3,H
1746,10529_3_dark_batman,R_4JECmGOyGP4gNuG,0,Male,Western (European),Several,Many,7,2,1,Male,10529,TheDarkKnightHM,q4,14.472616192652358,0.0844338311958276,3,H
1747,10529_3_dark_batman,R_5zNlLWOhUb0cFFv,1,Female,Western (North American),Many,Many,7,4,3,Male,10529,TheDarkKnightHM,q4,14.472616192652358,0.0844338311958276,3,H
1748,10529_3_dark_batman,R_7Q0B7g9RxECzXxR,0,Female,Western (European),A few,All of them,7,2,2,Male,10529,TheDarkKnightHM,q4,14.472616192652358,0.0844338311958276,3,H
1749,10529_3_dark_batman,R_4YkUX5kNejaaDfX,0,Male,Western (European),I did not recognise any,Many,7,4,2,Male,10529,TheDarkKnightHM,q4,14.472616192652358,0.0844338311958276,3,H
1750,134617_319_click,R_2OtQC8b2TKvdo6B,0,Male,Western (European),Several,Many,7,2,2,Male,134617,ClickHM,q3,10.226758915800932,0.0578915523295985,573,H
1751,134617_319_click,R_4JECmGOyGP4gNuG,0,Male,Western (European),Several,Many,7,2,1,Male,134617,ClickHM,q3,10.226758915800932,0.0578915523295985,573,H
1752,134617_319_click,R_5zNlLWOhUb0cFFv,1,Female,Western (North American),Many,Many,7,5,3,Male,134617,ClickHM,q3,10.226758915800932,0.0578915523295985,573,H
1753,134617_319_click,R_7Q0B7g9RxECzXxR,0,Female,Western (European),A few,All of them,7,2,1,Male,134617,ClickHM,q3,10.226758915800932,0.0578915523295985,573,H
1754,134617_319_click,R_4YkUX5kNejaaDfX,0,Male,Western (European),I did not recognise any,Many,7,2,1,Male,134617,ClickHM,q3,10.226758915800932,0.0578915523295985,573,H
1755,42089_122_copy,R_2OtQC8b2TKvdo6B,0,Male,Western (European),Several,Many,7,3,4,Female,42089,CertifiedCopyAM,q1,4.279085081940266,0.0239408373531311,46,A
1756,42089_122_copy,R_4JECmGOyGP4gNuG,0,Male,Western (European),Several,Many,7,2,1,Female,42089,CertifiedCopyAM,q1,4.279085081940266,0.0239408373531311,46,A
1757,42089_122_copy,R_5zNlLWOhUb0cFFv,1,Female,Western (North American),Many,Many,7,2,1,Female,42089,CertifiedCopyAM,q1,4.279085081940266,0.0239408373531311,46,A
1758,42089_122_copy,R_7Q0B7g9RxECzXxR,0,Female,Western (European),A few,All of them,7,2,2,Female,42089,CertifiedCopyAM,q1,4.279085081940266,0.0239408373531311,46,A
1759,42089_122_copy,R_4YkUX5kNejaaDfX,0,Male,Western (European),I did not recognise any,Many,7,4,3,Female,42089,CertifiedCopyAM,q1,4.279085081940266,0.0239408373531311,46,A
1760,201265_336_dark_batman,R_2OtQC8b2TKvdo6B,0,Male,Western (European),Several,Many,7,4,1,Male,201265,TheDarkKnightHM,q3,8.32851031285524,0.0513757285425779,123,H
1761,201265_336_dark_batman,R_4JECmGOyGP4gNuG,0,Male,Western (European),Several,Many,7,7,2,Male,201265,TheDarkKnightHM,q3,8.32851031285524,0.0513757285425779,123,H
1762,201265_336_dark_batman,R_5zNlLWOhUb0cFFv,1,Female,Western (North American),Many,Many,7,3,3,Male,201265,TheDarkKnightHM,q3,8.32851031285524,0.0513757285425779,123,H
1763,201265_336_dark_batman,R_7Q0B7g9RxECzXxR,0,Female,Western (European),A few,All of them,7,6,2,Male,201265,TheDarkKnightHM,q3,8.32851031285524,0.0513757285425779,123,H
1764,201265_336_dark_batman,R_4YkUX5kNejaaDfX,0,Male,Western (European),I did not recognise any,Many,7,6,2,Male,201265,TheDarkKnightHM,q3,8.32851031285524,0.0513757285425779,123,H
1765,137737_248_dark_batman,R_2OtQC8b2TKvdo6B,0,Male,Western (European),Several,Many,7,5,3,Female,137737,TheDarkKnightHM,q4,11.890178271482077,0.0701998225223617,82,H
1766,137737_248_dark_batman,R_4JECmGOyGP4gNuG,0,Male,Western (European),Several,Many,7,6,1,Female,137737,TheDarkKnightHM,q4,11.890178271482077,0.0701998225223617,82,H
1767,137737_248_dark_batman,R_5zNlLWOhUb0cFFv,1,Female,Western (North American),Many,Many,7,4,2,Female,137737,TheDarkKnightHM,q4,11.890178271482077,0.0701998225223617,82,H
1768,137737_248_dark_batman,R_7Q0B7g9RxECzXxR,0,Female,Western (European),A few,All of them,7,5,2,Female,137737,TheDarkKnightHM,q4,11.890178271482077,0.0701998225223617,82,H
1769,137737_248_dark_batman,R_4YkUX5kNejaaDfX,0,Male,Western (European),I did not recognise any,Many,7,5,1,Female,137737,TheDarkKnightHM,q4,11.890178271482077,0.0701998225223617,82,H
1770,112931_186_bright,R_2OtQC8b2TKvdo6B,0,Male,Western (European),Several,Many,7,2,2,Male,112931,BrightStarAM,q1,4.512717744670556,0.025313561670234,73,A
1771,112931_186_bright,R_4JECmGOyGP4gNuG,0,Male,Western (European),Several,Many,7,3,1,Male,112931,BrightStarAM,q1,4.512717744670556,0.025313561670234,73,A
1772,112931_186_bright,R_5zNlLWOhUb0cFFv,1,Female,Western (North American),Many,Many,7,3,2,Male,112931,BrightStarAM,q1,4.512717744670556,0.025313561670234,73,A
1773,112931_186_bright,R_7Q0B7g9RxECzXxR,0,Female,Western (European),A few,All of them,7,2,1,Male,112931,BrightStarAM,q1,4.512717744670556,0.025313561670234,73,A
1774,112931_186_bright,R_4YkUX5kNejaaDfX,0,Male,Western (European),I did not recognise any,Many,7,3,2,Male,112931,BrightStarAM,q1,4.512717744670556,0.025313561670234,73,A
1775,5930_0_kvant,R_2OtQC8b2TKvdo6B,0,Male,Western (European),Several,Many,7,3,1,Male,5930,QuantumOfSolaceHM,q1,6.098771692531718,0.0353711881868849,0,H
1776,5930_0_kvant,R_4JECmGOyGP4gNuG,0,Male,Western (European),Several,Many,7,2,1,Male,5930,QuantumOfSolaceHM,q1,6.098771692531718,0.0353711881868849,0,H
1777,5930_0_kvant,R_5zNlLWOhUb0cFFv,1,Female,Western (North American),Many,Many,7,2,1,Male,5930,QuantumOfSolaceHM,q1,6.098771692531718,0.0353711881868849,0,H
1778,5930_0_kvant,R_7Q0B7g9RxECzXxR,0,Female,Western (European),A few,All of them,7,2,1,Male,5930,QuantumOfSolaceHM,q1,6.098771692531718,0.0353711881868849,0,H
1779,5930_0_kvant,R_4YkUX5kNejaaDfX,0,Male,Western (European),I did not recognise any,Many,7,1,1,Male,5930,QuantumOfSolaceHM,q1,6.098771692531718,0.0353711881868849,0,H
1780,38585_47_clean,R_2OtQC8b2TKvdo6B,0,Male,Western (European),Several,Many,7,3,3,Male,38585,CleanAM,q4,15.13094744642488,0.0910813337202029,18,A
1781,38585_47_clean,R_4JECmGOyGP4gNuG,0,Male,Western (European),Several,Many,7,2,2,Male,38585,CleanAM,q4,15.13094744642488,0.0910813337202029,18,A
1782,38585_47_clean,R_5zNlLWOhUb0cFFv,1,Female,Western (North American),Many,Many,7,3,2,Male,38585,CleanAM,q4,15.13094744642488,0.0910813337202029,18,A
1783,38585_47_clean,R_7Q0B7g9RxECzXxR,0,Female,Western (European),A few,All of them,7,3,2,Male,38585,CleanAM,q4,15.13094744642488,0.0910813337202029,18,A
1784,38585_47_clean,R_4YkUX5kNejaaDfX,0,Male,Western (European),I did not recognise any,Many,7,2,3,Male,38585,CleanAM,q4,15.13094744642488,0.0910813337202029,18,A
1785,14585_25_click,R_2OtQC8b2TKvdo6B,0,Male,Western (European),Several,Many,7,3,1,Male,14585,ClickHM,q4,12.174651475348483,0.0763531728332325,25,H
1786,14585_25_click,R_4JECmGOyGP4gNuG,0,Male,Western (European),Several,Many,7,5,2,Male,14585,ClickHM,q4,12.174651475348483,0.0763531728332325,25,H
1787,14585_25_click,R_5zNlLWOhUb0cFFv,1,Female,Western (North American),Many,Many,7,4,3,Male,14585,ClickHM,q4,12.174651475348483,0.0763531728332325,25,H
1788,14585_25_click,R_7Q0B7g9RxECzXxR,0,Female,Western (European),A few,All of them,7,2,1,Male,14585,ClickHM,q4,12.174651475348483,0.0763531728332325,25,H
1789,14585_25_click,R_4YkUX5kNejaaDfX,0,Male,Western (European),I did not recognise any,Many,7,5,3,Male,14585,ClickHM,q4,12.174651475348483,0.0763531728332325,25,H
1790,100311_178_spider,R_5jjJMnIAqjqNLN6,0,Female,Western (European),A few,Several,8,3,3,Male,100311,SpiderAM,q3,9.45720014508513,0.0559473743236879,82,A
1791,100311_178_spider,R_2lxC5qdA3mJihoh,0,Male,Western (European),A few,Many,8,3,3,Male,100311,SpiderAM,q3,9.45720014508513,0.0559473743236879,82,A
1792,100311_178_spider,R_18IbHpikQyXHywx,0,Male,Middle-eastern,A few,A few,8,3,2,Male,100311,SpiderAM,q3,9.45720014508513,0.0559473743236879,82,A
1793,100311_178_spider,R_2f2sZb47QrEinsw,0,Male,Middle-eastern,A few,Several,8,3,4,Male,100311,SpiderAM,q3,9.45720014508513,0.0559473743236879,82,A
1794,100311_178_spider,R_6omXbAG5QVXtdtw,1,Male,Western (European),Several,Many,8,5,4,Male,100311,SpiderAM,q3,9.45720014508513,0.0559473743236879,82,A
1795,100311_178_spider,R_81t8rXZiMKSqj3n,1,Male,Western (European),A few,A few,8,5,4,Male,100311,SpiderAM,q3,9.45720014508513,0.0559473743236879,82,A
1796,178498_463_newyork,R_5jjJMnIAqjqNLN6,0,Female,Western (European),A few,Several,8,5,1,Male,178498,SynecdocheAM,q4,10.793577009226484,0.0673585576003607,170,A
1797,178498_463_newyork,R_2lxC5qdA3mJihoh,0,Male,Western (European),A few,Many,8,4,1,Male,178498,SynecdocheAM,q4,10.793577009226484,0.0673585576003607,170,A
1798,178498_463_newyork,R_18IbHpikQyXHywx,0,Male,Middle-eastern,A few,A few,8,1,1,Male,178498,SynecdocheAM,q4,10.793577009226484,0.0673585576003607,170,A
1799,178498_463_newyork,R_2f2sZb47QrEinsw,0,Male,Middle-eastern,A few,Several,8,5,1,Male,178498,SynecdocheAM,q4,10.793577009226484,0.0673585576003607,170,A
1800,178498_463_newyork,R_6omXbAG5QVXtdtw,1,Male,Western (European),Several,Many,8,3,2,Male,178498,SynecdocheAM,q4,10.793577009226484,0.0673585576003607,170,A
1801,178498_463_newyork,R_81t8rXZiMKSqj3n,1,Male,Western (European),A few,A few,8,3,4,Male,178498,SynecdocheAM,q4,10.793577009226484,0.0673585576003607,170,A
1802,155110_256_clean,R_5jjJMnIAqjqNLN6,0,Female,Western (European),A few,Several,8,1,2,Female,155110,CleanAM,q4,10.486262161491808,0.0621350066168474,166,A
1803,155110_256_clean,R_2lxC5qdA3mJihoh,0,Male,Western (European),A few,Many,8,2,1,Female,155110,CleanAM,q4,10.486262161491808,0.0621350066168474,166,A
1804,155110_256_clean,R_18IbHpikQyXHywx,0,Male,Middle-eastern,A few,A few,8,5,1,Female,155110,CleanAM,q4,10.486262161491808,0.0621350066168474,166,A
1805,155110_256_clean,R_2f2sZb47QrEinsw,0,Male,Middle-eastern,A few,Several,8,1,1,Female,155110,CleanAM,q4,10.486262161491808,0.0621350066168474,166,A
1806,155110_256_clean,R_6omXbAG5QVXtdtw,1,Male,Western (European),Several,Many,8,4,3,Female,155110,CleanAM,q4,10.486262161491808,0.0621350066168474,166,A
1807,155110_256_clean,R_81t8rXZiMKSqj3n,1,Male,Western (European),A few,A few,8,4,3,Female,155110,CleanAM,q4,10.486262161491808,0.0621350066168474,166,A
1808,10857_11_newyork,R_5jjJMnIAqjqNLN6,0,Female,Western (European),A few,Several,8,4,5,Male,10857,SynecdocheAM,q2,7.108390399410709,0.0404574074654965,4,A
1809,10857_11_newyork,R_2lxC5qdA3mJihoh,0,Male,Western (European),A few,Many,8,3,2,I cannot tell,10857,SynecdocheAM,q2,7.108390399410709,0.0404574074654965,4,A
1810,10857_11_newyork,R_18IbHpikQyXHywx,0,Male,Middle-eastern,A few,A few,8,2,4,Female,10857,SynecdocheAM,q2,7.108390399410709,0.0404574074654965,4,A
1811,10857_11_newyork,R_2f2sZb47QrEinsw,0,Male,Middle-eastern,A few,Several,8,2,3,Female,10857,SynecdocheAM,q2,7.108390399410709,0.0404574074654965,4,A
1812,10857_11_newyork,R_6omXbAG5QVXtdtw,1,Male,Western (European),Several,Many,8,3,4,Female,10857,SynecdocheAM,q2,7.108390399410709,0.0404574074654965,4,A
1813,10857_11_newyork,R_81t8rXZiMKSqj3n,1,Male,Western (European),A few,A few,8,4,7,Female,10857,SynecdocheAM,q2,7.108390399410709,0.0404574074654965,4,A
1814,41593_72_bright,R_5jjJMnIAqjqNLN6,0,Female,Western (European),A few,Several,8,1,2,Female,41593,BrightStarAM,q3,9.301722452725524,0.0560999587066261,30,A
1815,41593_72_bright,R_2lxC5qdA3mJihoh,0,Male,Western (European),A few,Many,8,4,3,Female,41593,BrightStarAM,q3,9.301722452725524,0.0560999587066261,30,A
1816,41593_72_bright,R_18IbHpikQyXHywx,0,Male,Middle-eastern,A few,A few,8,1,1,Female,41593,BrightStarAM,q3,9.301722452725524,0.0560999587066261,30,A
1817,41593_72_bright,R_2f2sZb47QrEinsw,0,Male,Middle-eastern,A few,Several,8,3,2,Female,41593,BrightStarAM,q3,9.301722452725524,0.0560999587066261,30,A
1818,41593_72_bright,R_6omXbAG5QVXtdtw,1,Male,Western (European),Several,Many,8,3,2,Female,41593,BrightStarAM,q3,9.301722452725524,0.0560999587066261,30,A
1819,41593_72_bright,R_81t8rXZiMKSqj3n,1,Male,Western (European),A few,A few,8,5,2,Female,41593,BrightStarAM,q3,9.301722452725524,0.0560999587066261,30,A
1820,94289_211_click,R_5jjJMnIAqjqNLN6,0,Female,Western (European),A few,Several,8,1,2,Female,94289,ClickHM,q2,7.36141389972869,0.0438165561070151,364,H
1821,94289_211_click,R_2lxC5qdA3mJihoh,0,Male,Western (European),A few,Many,8,3,2,Female,94289,ClickHM,q2,7.36141389972869,0.0438165561070151,364,H
1822,94289_211_click,R_18IbHpikQyXHywx,0,Male,Middle-eastern,A few,A few,8,3,6,Female,94289,ClickHM,q2,7.36141389972869,0.0438165561070151,364,H
1823,94289_211_click,R_2f2sZb47QrEinsw,0,Male,Middle-eastern,A few,Several,8,5,1,Female,94289,ClickHM,q2,7.36141389972869,0.0438165561070151,364,H
1824,94289_211_click,R_6omXbAG5QVXtdtw,1,Male,Western (European),Several,Many,8,4,4,Female,94289,ClickHM,q2,7.36141389972869,0.0438165561070151,364,H
1825,94289_211_click,R_81t8rXZiMKSqj3n,1,Male,Western (European),A few,A few,8,6,6,Female,94289,ClickHM,q2,7.36141389972869,0.0438165561070151,364,H
1826,80745_114_clean,R_5jjJMnIAqjqNLN6,0,Female,Western (European),A few,Several,8,4,2,Male,80745,CleanAM,q3,10.570101966015596,0.0639232134276519,66,A
1827,80745_114_clean,R_2lxC5qdA3mJihoh,0,Male,Western (European),A few,Many,8,3,3,Male,80745,CleanAM,q3,10.570101966015596,0.0639232134276519,66,A
1828,80745_114_clean,R_18IbHpikQyXHywx,0,Male,Middle-eastern,A few,A few,8,2,4,Male,80745,CleanAM,q3,10.570101966015596,0.0639232134276519,66,A
1829,80745_114_clean,R_2f2sZb47QrEinsw,0,Male,Middle-eastern,A few,Several,8,3,2,Male,80745,CleanAM,q3,10.570101966015596,0.0639232134276519,66,A
1830,80745_114_clean,R_6omXbAG5QVXtdtw,1,Male,Western (European),Several,Many,8,4,4,Male,80745,CleanAM,q3,10.570101966015596,0.0639232134276519,66,A
1831,80745_114_clean,R_81t8rXZiMKSqj3n,1,Male,Western (European),A few,A few,8,2,3,Male,80745,CleanAM,q3,10.570101966015596,0.0639232134276519,66,A
1832,194049_322_dark_batman,R_5jjJMnIAqjqNLN6,0,Female,Western (European),A few,Several,8,6,3,Male,194049,TheDarkKnightHM,q4,15.220812321731312,0.0958091770402101,114,H
1833,194049_322_dark_batman,R_2lxC5qdA3mJihoh,0,Male,Western (European),A few,Many,8,4,1,Male,194049,TheDarkKnightHM,q4,15.220812321731312,0.0958091770402101,114,H
1834,194049_322_dark_batman,R_18IbHpikQyXHywx,0,Male,Middle-eastern,A few,A few,8,5,1,Male,194049,TheDarkKnightHM,q4,15.220812321731312,0.0958091770402101,114,H
1835,194049_322_dark_batman,R_2f2sZb47QrEinsw,0,Male,Middle-eastern,A few,Several,8,3,1,Male,194049,TheDarkKnightHM,q4,15.220812321731312,0.0958091770402101,114,H
1836,194049_322_dark_batman,R_6omXbAG5QVXtdtw,1,Male,Western (European),Several,Many,8,5,4,Male,194049,TheDarkKnightHM,q4,15.220812321731312,0.0958091770402101,114,H
1837,194049_322_dark_batman,R_81t8rXZiMKSqj3n,1,Male,Western (European),A few,A few,8,7,6,Male,194049,TheDarkKnightHM,q4,15.220812321731312,0.0958091770402101,114,H
1838,38810_75_allornothing,R_5jjJMnIAqjqNLN6,0,Female,Western (European),A few,Several,8,3,3,Male,38810,AllOrNothingAM,q2,7.2681156373437155,0.0441781267193426,20,A
1839,38810_75_allornothing,R_2lxC5qdA3mJihoh,0,Male,Western (European),A few,Many,8,3,2,Male,38810,AllOrNothingAM,q2,7.2681156373437155,0.0441781267193426,20,A
1840,38810_75_allornothing,R_18IbHpikQyXHywx,0,Male,Middle-eastern,A few,A few,8,4,4,Male,38810,AllOrNothingAM,q2,7.2681156373437155,0.0441781267193426,20,A
1841,38810_75_allornothing,R_2f2sZb47QrEinsw,0,Male,Middle-eastern,A few,Several,8,3,5,Male,38810,AllOrNothingAM,q2,7.2681156373437155,0.0441781267193426,20,A
1842,38810_75_allornothing,R_6omXbAG5QVXtdtw,1,Male,Western (European),Several,Many,8,4,5,Male,38810,AllOrNothingAM,q2,7.2681156373437155,0.0441781267193426,20,A
1843,38810_75_allornothing,R_81t8rXZiMKSqj3n,1,Male,Western (European),A few,A few,8,4,6,Male,38810,AllOrNothingAM,q2,7.2681156373437155,0.0441781267193426,20,A
1844,89656_133_clean,R_5jjJMnIAqjqNLN6,0,Female,Western (European),A few,Several,8,5,1,Female,89656,CleanAM,q2,8.404884937778256,0.0475963926213606,74,A
1845,89656_133_clean,R_2lxC5qdA3mJihoh,0,Male,Western (European),A few,Many,8,4,1,Female,89656,CleanAM,q2,8.404884937778256,0.0475963926213606,74,A
1846,89656_133_clean,R_18IbHpikQyXHywx,0,Male,Middle-eastern,A few,A few,8,6,1,Female,89656,CleanAM,q2,8.404884937778256,0.0475963926213606,74,A
1847,89656_133_clean,R_2f2sZb47QrEinsw,0,Male,Middle-eastern,A few,Several,8,5,1,Female,89656,CleanAM,q2,8.404884937778256,0.0475963926213606,74,A
1848,89656_133_clean,R_6omXbAG5QVXtdtw,1,Male,Western (European),Several,Many,8,5,4,Female,89656,CleanAM,q2,8.404884937778256,0.0475963926213606,74,A
1849,89656_133_clean,R_81t8rXZiMKSqj3n,1,Male,Western (European),A few,A few,8,6,3,Female,89656,CleanAM,q2,8.404884937778256,0.0475963926213606,74,A
1850,46403_136_copy,R_5jjJMnIAqjqNLN6,0,Female,Western (European),A few,Several,8,4,2,Male,46403,CertifiedCopyAM,q4,12.609318401567178,0.0810895584678699,60,A
1851,46403_136_copy,R_2lxC5qdA3mJihoh,0,Male,Western (European),A few,Many,8,2,2,Male,46403,CertifiedCopyAM,q4,12.609318401567178,0.0810895584678699,60,A
1852,46403_136_copy,R_18IbHpikQyXHywx,0,Male,Middle-eastern,A few,A few,8,1,2,Male,46403,CertifiedCopyAM,q4,12.609318401567178,0.0810895584678699,60,A
1853,46403_136_copy,R_2f2sZb47QrEinsw,0,Male,Middle-eastern,A few,Several,8,2,1,Male,46403,CertifiedCopyAM,q4,12.609318401567178,0.0810895584678699,60,A
1854,46403_136_copy,R_6omXbAG5QVXtdtw,1,Male,Western (European),Several,Many,8,4,4,Male,46403,CertifiedCopyAM,q4,12.609318401567178,0.0810895584678699,60,A
1855,46403_136_copy,R_81t8rXZiMKSqj3n,1,Male,Western (European),A few,A few,8,2,3,Male,46403,CertifiedCopyAM,q4,12.609318401567178,0.0810895584678699,60,A
1856,71129_56_kvant,R_5jjJMnIAqjqNLN6,0,Female,Western (European),A few,Several,8,2,1,Male,71129,QuantumOfSolaceHM,q4,11.151080038580064,0.0692489527335346,28,H
1857,71129_56_kvant,R_2lxC5qdA3mJihoh,0,Male,Western (European),A few,Many,8,2,1,Male,71129,QuantumOfSolaceHM,q4,11.151080038580064,0.0692489527335346,28,H
1858,71129_56_kvant,R_18IbHpikQyXHywx,0,Male,Middle-eastern,A few,A few,8,1,1,Male,71129,QuantumOfSolaceHM,q4,11.151080038580064,0.0692489527335346,28,H
1859,71129_56_kvant,R_2f2sZb47QrEinsw,0,Male,Middle-eastern,A few,Several,8,3,1,Male,71129,QuantumOfSolaceHM,q4,11.151080038580064,0.0692489527335346,28,H
1860,71129_56_kvant,R_6omXbAG5QVXtdtw,1,Male,Western (European),Several,Many,8,5,3,Male,71129,QuantumOfSolaceHM,q4,11.151080038580064,0.0692489527335346,28,H
1861,71129_56_kvant,R_81t8rXZiMKSqj3n,1,Male,Western (European),A few,A few,8,2,1,Male,71129,QuantumOfSolaceHM,q4,11.151080038580064,0.0692489527335346,28,H
1862,132977_236_dark_batman,R_5jjJMnIAqjqNLN6,0,Female,Western (European),A few,Several,8,5,3,Male,132977,TheDarkKnightHM,q2,8.009071136401602,0.0461894931598069,74,H
1863,132977_236_dark_batman,R_2lxC5qdA3mJihoh,0,Male,Western (European),A few,Many,8,3,1,Male,132977,TheDarkKnightHM,q2,8.009071136401602,0.0461894931598069,74,H
1864,132977_236_dark_batman,R_18IbHpikQyXHywx,0,Male,Middle-eastern,A few,A few,8,5,2,Male,132977,TheDarkKnightHM,q2,8.009071136401602,0.0461894931598069,74,H
1865,132977_236_dark_batman,R_2f2sZb47QrEinsw,0,Male,Middle-eastern,A few,Several,8,6,2,Male,132977,TheDarkKnightHM,q2,8.009071136401602,0.0461894931598069,74,H
1866,132977_236_dark_batman,R_6omXbAG5QVXtdtw,1,Male,Western (European),Several,Many,8,4,5,Male,132977,TheDarkKnightHM,q2,8.009071136401602,0.0461894931598069,74,H
1867,132977_236_dark_batman,R_81t8rXZiMKSqj3n,1,Male,Western (European),A few,A few,8,6,6,Male,132977,TheDarkKnightHM,q2,8.009071136401602,0.0461894931598069,74,H
1868,51991_107_click,R_5jjJMnIAqjqNLN6,0,Female,Western (European),A few,Several,8,4,2,Female,51991,ClickHM,q1,3.624663036534601,0.0207094521601719,491,H
1869,51991_107_click,R_2lxC5qdA3mJihoh,0,Male,Western (European),A few,Many,8,3,1,Female,51991,ClickHM,q1,3.624663036534601,0.0207094521601719,491,H
1870,51991_107_click,R_18IbHpikQyXHywx,0,Male,Middle-eastern,A few,A few,8,4,2,Male,51991,ClickHM,q1,3.624663036534601,0.0207094521601719,491,H
1871,51991_107_click,R_2f2sZb47QrEinsw,0,Male,Middle-eastern,A few,Several,8,2,2,Female,51991,ClickHM,q1,3.624663036534601,0.0207094521601719,491,H
1872,51991_107_click,R_6omXbAG5QVXtdtw,1,Male,Western (European),Several,Many,8,4,4,Female,51991,ClickHM,q1,3.624663036534601,0.0207094521601719,491,H
1873,51991_107_click,R_81t8rXZiMKSqj3n,1,Male,Western (European),A few,A few,8,3,4,Female,51991,ClickHM,q1,3.624663036534601,0.0207094521601719,491,H
1874,43379_124_copy,R_5jjJMnIAqjqNLN6,0,Female,Western (European),A few,Several,8,2,2,Female,43379,CertifiedCopyAM,q1,2.476223394036442,0.0136439954837825,48,A
1875,43379_124_copy,R_2lxC5qdA3mJihoh,0,Male,Western (European),A few,Many,8,2,1,Female,43379,CertifiedCopyAM,q1,2.476223394036442,0.0136439954837825,48,A
1876,43379_124_copy,R_18IbHpikQyXHywx,0,Male,Middle-eastern,A few,A few,8,4,6,Female,43379,CertifiedCopyAM,q1,2.476223394036442,0.0136439954837825,48,A
1877,43379_124_copy,R_2f2sZb47QrEinsw,0,Male,Middle-eastern,A few,Several,8,3,2,Female,43379,CertifiedCopyAM,q1,2.476223394036442,0.0136439954837825,48,A
1878,43379_124_copy,R_6omXbAG5QVXtdtw,1,Male,Western (European),Several,Many,8,4,5,Female,43379,CertifiedCopyAM,q1,2.476223394036442,0.0136439954837825,48,A
1879,43379_124_copy,R_81t8rXZiMKSqj3n,1,Male,Western (European),A few,A few,8,5,3,Female,43379,CertifiedCopyAM,q1,2.476223394036442,0.0136439954837825,48,A
1880,34043_35_spider,R_5jjJMnIAqjqNLN6,0,Female,Western (European),A few,Several,8,4,1,Male,34043,SpiderAM,q3,9.437933074277556,0.0547098184665871,15,A
1881,34043_35_spider,R_2lxC5qdA3mJihoh,0,Male,Western (European),A few,Many,8,4,1,Male,34043,SpiderAM,q3,9.437933074277556,0.0547098184665871,15,A
1882,34043_35_spider,R_18IbHpikQyXHywx,0,Male,Middle-eastern,A few,A few,8,1,1,Male,34043,SpiderAM,q3,9.437933074277556,0.0547098184665871,15,A
1883,34043_35_spider,R_2f2sZb47QrEinsw,0,Male,Middle-eastern,A few,Several,8,6,2,Male,34043,SpiderAM,q3,9.437933074277556,0.0547098184665871,15,A
1884,34043_35_spider,R_6omXbAG5QVXtdtw,1,Male,Western (European),Several,Many,8,5,4,Male,34043,SpiderAM,q3,9.437933074277556,0.0547098184665871,15,A
1885,34043_35_spider,R_81t8rXZiMKSqj3n,1,Male,Western (European),A few,A few,8,6,3,Male,34043,SpiderAM,q3,9.437933074277556,0.0547098184665871,15,A
1886,113633_265_allornothing,R_5jjJMnIAqjqNLN6,0,Female,Western (European),A few,Several,8,2,1,Male,113633,AllOrNothingAM,q3,11.01576363827044,0.0642922996771318,116,A
1887,113633_265_allornothing,R_2lxC5qdA3mJihoh,0,Male,Western (European),A few,Many,8,2,2,Male,113633,AllOrNothingAM,q3,11.01576363827044,0.0642922996771318,116,A
1888,113633_265_allornothing,R_18IbHpikQyXHywx,0,Male,Middle-eastern,A few,A few,8,2,3,Male,113633,AllOrNothingAM,q3,11.01576363827044,0.0642922996771318,116,A
1889,113633_265_allornothing,R_2f2sZb47QrEinsw,0,Male,Middle-eastern,A few,Several,8,2,1,Male,113633,AllOrNothingAM,q3,11.01576363827044,0.0642922996771318,116,A
1890,113633_265_allornothing,R_6omXbAG5QVXtdtw,1,Male,Western (European),Several,Many,8,3,2,Male,113633,AllOrNothingAM,q3,11.01576363827044,0.0642922996771318,116,A
1891,113633_265_allornothing,R_81t8rXZiMKSqj3n,1,Male,Western (European),A few,A few,8,3,3,Male,113633,AllOrNothingAM,q3,11.01576363827044,0.0642922996771318,116,A
1892,83546_98_fast,R_5jjJMnIAqjqNLN6,0,Female,Western (European),A few,Several,8,3,4,Male,83546,FastAndFuriousHM,q2,5.292287437677264,0.0307292283093906,171,H
1893,83546_98_fast,R_2lxC5qdA3mJihoh,0,Male,Western (European),A few,Many,8,3,3,Male,83546,FastAndFuriousHM,q2,5.292287437677264,0.0307292283093906,171,H
1894,83546_98_fast,R_18IbHpikQyXHywx,0,Male,Middle-eastern,A few,A few,8,5,6,Male,83546,FastAndFuriousHM,q2,5.292287437677264,0.0307292283093906,171,H
1895,83546_98_fast,R_2f2sZb47QrEinsw,0,Male,Middle-eastern,A few,Several,8,1,1,Female,83546,FastAndFuriousHM,q2,5.292287437677264,0.0307292283093906,171,H
1896,83546_98_fast,R_6omXbAG5QVXtdtw,1,Male,Western (European),Several,Many,8,3,3,Female,83546,FastAndFuriousHM,q2,5.292287437677264,0.0307292283093906,171,H
1897,83546_98_fast,R_81t8rXZiMKSqj3n,1,Male,Western (European),A few,A few,8,3,2,Female,83546,FastAndFuriousHM,q2,5.292287437677264,0.0307292283093906,171,H
1898,81673_142_spider,R_5jjJMnIAqjqNLN6,0,Female,Western (European),A few,Several,8,2,1,Male,81673,SpiderAM,q1,1.4133037446499008,0.007642632071009,67,A
1899,81673_142_spider,R_2lxC5qdA3mJihoh,0,Male,Western (European),A few,Many,8,3,1,Male,81673,SpiderAM,q1,1.4133037446499008,0.007642632071009,67,A
1900,81673_142_spider,R_18IbHpikQyXHywx,0,Male,Middle-eastern,A few,A few,8,3,1,Male,81673,SpiderAM,q1,1.4133037446499008,0.007642632071009,67,A
1901,81673_142_spider,R_2f2sZb47QrEinsw,0,Male,Middle-eastern,A few,Several,8,5,1,Male,81673,SpiderAM,q1,1.4133037446499008,0.007642632071009,67,A
1902,81673_142_spider,R_6omXbAG5QVXtdtw,1,Male,Western (European),Several,Many,8,4,3,Male,81673,SpiderAM,q1,1.4133037446499008,0.007642632071009,67,A
1903,81673_142_spider,R_81t8rXZiMKSqj3n,1,Male,Western (European),A few,A few,8,6,3,Male,81673,SpiderAM,q1,1.4133037446499008,0.007642632071009,67,A
1904,136497_314_allornothing,R_5jjJMnIAqjqNLN6,0,Female,Western (European),A few,Several,8,2,1,Male,136497,AllOrNothingAM,q2,8.410239300494078,0.048053979204106,137,A
1905,136497_314_allornothing,R_2lxC5qdA3mJihoh,0,Male,Western (European),A few,Many,8,3,1,Male,136497,AllOrNothingAM,q2,8.410239300494078,0.048053979204106,137,A
1906,136497_314_allornothing,R_18IbHpikQyXHywx,0,Male,Middle-eastern,A few,A few,8,4,1,Male,136497,AllOrNothingAM,q2,8.410239300494078,0.048053979204106,137,A
1907,136497_314_allornothing,R_2f2sZb47QrEinsw,0,Male,Middle-eastern,A few,Several,8,3,1,Male,136497,AllOrNothingAM,q2,8.410239300494078,0.048053979204106,137,A
1908,136497_314_allornothing,R_6omXbAG5QVXtdtw,1,Male,Western (European),Several,Many,8,3,2,Male,136497,AllOrNothingAM,q2,8.410239300494078,0.048053979204106,137,A
1909,136497_314_allornothing,R_81t8rXZiMKSqj3n,1,Male,Western (European),A few,A few,8,6,4,Male,136497,AllOrNothingAM,q2,8.410239300494078,0.048053979204106,137,A
1910,25433_22_spider,R_5jjJMnIAqjqNLN6,0,Female,Western (European),A few,Several,8,7,2,Male,25433,SpiderAM,q4,11.811508590219148,0.0748998206750113,10,A
1911,25433_22_spider,R_2lxC5qdA3mJihoh,0,Male,Western (European),A few,Many,8,5,2,Male,25433,SpiderAM,q4,11.811508590219148,0.0748998206750113,10,A
1912,25433_22_spider,R_18IbHpikQyXHywx,0,Male,Middle-eastern,A few,A few,8,4,2,Male,25433,SpiderAM,q4,11.811508590219148,0.0748998206750113,10,A
1913,25433_22_spider,R_2f2sZb47QrEinsw,0,Male,Middle-eastern,A few,Several,8,4,2,Male,25433,SpiderAM,q4,11.811508590219148,0.0748998206750113,10,A
1914,25433_22_spider,R_6omXbAG5QVXtdtw,1,Male,Western (European),Several,Many,8,4,5,Male,25433,SpiderAM,q4,11.811508590219148,0.0748998206750113,10,A
1915,25433_22_spider,R_81t8rXZiMKSqj3n,1,Male,Western (European),A few,A few,8,7,5,Male,25433,SpiderAM,q4,11.811508590219148,0.0748998206750113,10,A
1916,144851_339_click,R_5jjJMnIAqjqNLN6,0,Female,Western (European),A few,Several,8,5,2,Male,144851,ClickHM,q4,19.19526693411336,0.1241178261288613,610,H
1917,144851_339_click,R_2lxC5qdA3mJihoh,0,Male,Western (European),A few,Many,8,3,3,Male,144851,ClickHM,q4,19.19526693411336,0.1241178261288613,610,H
1918,144851_339_click,R_18IbHpikQyXHywx,0,Male,Middle-eastern,A few,A few,8,5,3,Male,144851,ClickHM,q4,19.19526693411336,0.1241178261288613,610,H
1919,144851_339_click,R_2f2sZb47QrEinsw,0,Male,Middle-eastern,A few,Several,8,4,2,Male,144851,ClickHM,q4,19.19526693411336,0.1241178261288613,610,H
1920,144851_339_click,R_6omXbAG5QVXtdtw,1,Male,Western (European),Several,Many,8,4,4,Male,144851,ClickHM,q4,19.19526693411336,0.1241178261288613,610,H
1921,144851_339_click,R_81t8rXZiMKSqj3n,1,Male,Western (European),A few,A few,8,6,6,Male,144851,ClickHM,q4,19.19526693411336,0.1241178261288613,610,H
1922,112657_333_copy,R_5jjJMnIAqjqNLN6,0,Female,Western (European),A few,Several,8,4,2,Male,112657,CertifiedCopyAM,q2,7.865327808198696,0.0448473926643618,119,A
1923,112657_333_copy,R_2lxC5qdA3mJihoh,0,Male,Western (European),A few,Many,8,2,2,Male,112657,CertifiedCopyAM,q2,7.865327808198696,0.0448473926643618,119,A
1924,112657_333_copy,R_18IbHpikQyXHywx,0,Male,Middle-eastern,A few,A few,8,2,4,Male,112657,CertifiedCopyAM,q2,7.865327808198696,0.0448473926643618,119,A
1925,112657_333_copy,R_2f2sZb47QrEinsw,0,Male,Middle-eastern,A few,Several,8,2,2,Male,112657,CertifiedCopyAM,q2,7.865327808198696,0.0448473926643618,119,A
1926,112657_333_copy,R_6omXbAG5QVXtdtw,1,Male,Western (European),Several,Many,8,3,3,Male,112657,CertifiedCopyAM,q2,7.865327808198696,0.0448473926643618,119,A
1927,112657_333_copy,R_81t8rXZiMKSqj3n,1,Male,Western (European),A few,A few,8,3,4,Male,112657,CertifiedCopyAM,q2,7.865327808198696,0.0448473926643618,119,A
1928,112779_334_copy,R_5jjJMnIAqjqNLN6,0,Female,Western (European),A few,Several,8,2,2,Female,112779,CertifiedCopyAM,q1,4.584805487991789,0.0257351187631262,120,A
1929,112779_334_copy,R_2lxC5qdA3mJihoh,0,Male,Western (European),A few,Many,8,1,2,Female,112779,CertifiedCopyAM,q1,4.584805487991789,0.0257351187631262,120,A
1930,112779_334_copy,R_18IbHpikQyXHywx,0,Male,Middle-eastern,A few,A few,8,2,1,Female,112779,CertifiedCopyAM,q1,4.584805487991789,0.0257351187631262,120,A
1931,112779_334_copy,R_2f2sZb47QrEinsw,0,Male,Middle-eastern,A few,Several,8,4,3,Female,112779,CertifiedCopyAM,q1,4.584805487991789,0.0257351187631262,120,A
1932,112779_334_copy,R_6omXbAG5QVXtdtw,1,Male,Western (European),Several,Many,8,4,4,Female,112779,CertifiedCopyAM,q1,4.584805487991789,0.0257351187631262,120,A
1933,112779_334_copy,R_81t8rXZiMKSqj3n,1,Male,Western (European),A few,A few,8,2,5,Female,112779,CertifiedCopyAM,q1,4.584805487991789,0.0257351187631262,120,A
1934,203537_339_dark_batman,R_5jjJMnIAqjqNLN6,0,Female,Western (European),A few,Several,8,5,4,Male,203537,TheDarkKnightHM,q2,9.007850616080288,0.0526859954185811,124,H
1935,203537_339_dark_batman,R_2lxC5qdA3mJihoh,0,Male,Western (European),A few,Many,8,3,3,Male,203537,TheDarkKnightHM,q2,9.007850616080288,0.0526859954185811,124,H
1936,203537_339_dark_batman,R_18IbHpikQyXHywx,0,Male,Middle-eastern,A few,A few,8,5,4,Male,203537,TheDarkKnightHM,q2,9.007850616080288,0.0526859954185811,124,H
1937,203537_339_dark_batman,R_2f2sZb47QrEinsw,0,Male,Middle-eastern,A few,Several,8,5,4,Male,203537,TheDarkKnightHM,q2,9.007850616080288,0.0526859954185811,124,H
1938,203537_339_dark_batman,R_6omXbAG5QVXtdtw,1,Male,Western (European),Several,Many,8,5,4,Male,203537,TheDarkKnightHM,q2,9.007850616080288,0.0526859954185811,124,H
1939,203537_339_dark_batman,R_81t8rXZiMKSqj3n,1,Male,Western (European),A few,A few,8,5,7,Male,203537,TheDarkKnightHM,q2,9.007850616080288,0.0526859954185811,124,H
1940,66026_91_clean,R_5jjJMnIAqjqNLN6,0,Female,Western (European),A few,Several,8,2,2,Female,66026,CleanAM,q2,7.082652169085103,0.0435733313586086,45,A
1941,66026_91_clean,R_2lxC5qdA3mJihoh,0,Male,Western (European),A few,Many,8,1,1,Female,66026,CleanAM,q2,7.082652169085103,0.0435733313586086,45,A
1942,66026_91_clean,R_18IbHpikQyXHywx,0,Male,Middle-eastern,A few,A few,8,4,3,Female,66026,CleanAM,q2,7.082652169085103,0.0435733313586086,45,A
1943,66026_91_clean,R_2f2sZb47QrEinsw,0,Male,Middle-eastern,A few,Several,8,2,1,Female,66026,CleanAM,q2,7.082652169085103,0.0435733313586086,45,A
1944,66026_91_clean,R_6omXbAG5QVXtdtw,1,Male,Western (European),Several,Many,8,3,2,Female,66026,CleanAM,q2,7.082652169085103,0.0435733313586086,45,A
1945,66026_91_clean,R_81t8rXZiMKSqj3n,1,Male,Western (European),A few,A few,8,5,5,Female,66026,CleanAM,q2,7.082652169085103,0.0435733313586086,45,A
1946,200331_332_dark_batman,R_5jjJMnIAqjqNLN6,0,Female,Western (European),A few,Several,8,4,5,Male,200331,TheDarkKnightHM,q4,10.121692478774358,0.0667334520257466,119,H
1947,200331_332_dark_batman,R_2lxC5qdA3mJihoh,0,Male,Western (European),A few,Many,8,3,3,Male,200331,TheDarkKnightHM,q4,10.121692478774358,0.0667334520257466,119,H
1948,200331_332_dark_batman,R_18IbHpikQyXHywx,0,Male,Middle-eastern,A few,A few,8,5,5,Male,200331,TheDarkKnightHM,q4,10.121692478774358,0.0667334520257466,119,H
1949,200331_332_dark_batman,R_2f2sZb47QrEinsw,0,Male,Middle-eastern,A few,Several,8,4,3,Male,200331,TheDarkKnightHM,q4,10.121692478774358,0.0667334520257466,119,H
1950,200331_332_dark_batman,R_6omXbAG5QVXtdtw,1,Male,Western (European),Several,Many,8,4,5,Male,200331,TheDarkKnightHM,q4,10.121692478774358,0.0667334520257466,119,H
1951,200331_332_dark_batman,R_81t8rXZiMKSqj3n,1,Male,Western (European),A few,A few,8,5,4,Male,200331,TheDarkKnightHM,q4,10.121692478774358,0.0667334520257466,119,H
1952,121201_194_clean,R_5jjJMnIAqjqNLN6,0,Female,Western (European),A few,Several,8,3,2,Female,121201,CleanAM,q1,5.532581906416343,0.0310144013606393,117,A
1953,121201_194_clean,R_2lxC5qdA3mJihoh,0,Male,Western (European),A few,Many,8,3,4,Female,121201,CleanAM,q1,5.532581906416343,0.0310144013606393,117,A
1954,121201_194_clean,R_18IbHpikQyXHywx,0,Male,Middle-eastern,A few,A few,8,2,2,Female,121201,CleanAM,q1,5.532581906416343,0.0310144013606393,117,A
1955,121201_194_clean,R_2f2sZb47QrEinsw,0,Male,Middle-eastern,A few,Several,8,3,2,Female,121201,CleanAM,q1,5.532581906416343,0.0310144013606393,117,A
1956,121201_194_clean,R_6omXbAG5QVXtdtw,1,Male,Western (European),Several,Many,8,5,3,Female,121201,CleanAM,q1,5.532581906416343,0.0310144013606393,117,A
1957,121201_194_clean,R_81t8rXZiMKSqj3n,1,Male,Western (European),A few,A few,8,5,4,Female,121201,CleanAM,q1,5.532581906416343,0.0310144013606393,117,A
1958,137325_246_dark_batman,R_5jjJMnIAqjqNLN6,0,Female,Western (European),A few,Several,8,5,3,Female,137325,TheDarkKnightHM,q4,14.812956728745256,0.0889020139498199,80,H
1959,137325_246_dark_batman,R_2lxC5qdA3mJihoh,0,Male,Western (European),A few,Many,8,4,1,Female,137325,TheDarkKnightHM,q4,14.812956728745256,0.0889020139498199,80,H
1960,137325_246_dark_batman,R_18IbHpikQyXHywx,0,Male,Middle-eastern,A few,A few,8,7,1,Female,137325,TheDarkKnightHM,q4,14.812956728745256,0.0889020139498199,80,H
1961,137325_246_dark_batman,R_2f2sZb47QrEinsw,0,Male,Middle-eastern,A few,Several,8,5,2,Female,137325,TheDarkKnightHM,q4,14.812956728745256,0.0889020139498199,80,H
1962,137325_246_dark_batman,R_6omXbAG5QVXtdtw,1,Male,Western (European),Several,Many,8,5,5,Female,137325,TheDarkKnightHM,q4,14.812956728745256,0.0889020139498199,80,H
1963,137325_246_dark_batman,R_81t8rXZiMKSqj3n,1,Male,Western (European),A few,A few,8,7,4,Female,137325,TheDarkKnightHM,q4,14.812956728745256,0.0889020139498199,80,H
1964,105433_229_click,R_5jjJMnIAqjqNLN6,0,Female,Western (European),A few,Several,8,4,4,Male,105433,ClickHM,q2,6.503785740098503,0.0362079094338693,399,H
1965,105433_229_click,R_2lxC5qdA3mJihoh,0,Male,Western (European),A few,Many,8,3,3,Male,105433,ClickHM,q2,6.503785740098503,0.0362079094338693,399,H
1966,105433_229_click,R_18IbHpikQyXHywx,0,Male,Middle-eastern,A few,A few,8,2,2,Male,105433,ClickHM,q2,6.503785740098503,0.0362079094338693,399,H
1967,105433_229_click,R_2f2sZb47QrEinsw,0,Male,Middle-eastern,A few,Several,8,3,3,Male,105433,ClickHM,q2,6.503785740098503,0.0362079094338693,399,H
1968,105433_229_click,R_6omXbAG5QVXtdtw,1,Male,Western (European),Several,Many,8,4,4,Male,105433,ClickHM,q2,6.503785740098503,0.0362079094338693,399,H
1969,105433_229_click,R_81t8rXZiMKSqj3n,1,Male,Western (European),A few,A few,8,4,6,I cannot tell,105433,ClickHM,q2,6.503785740098503,0.0362079094338693,399,H
1970,43367_61_spider,R_5jjJMnIAqjqNLN6,0,Female,Western (European),A few,Several,8,2,1,Male,43367,SpiderAM,q1,4.07716619666158,0.0223160717924217,28,A
1971,43367_61_spider,R_2lxC5qdA3mJihoh,0,Male,Western (European),A few,Many,8,2,1,Male,43367,SpiderAM,q1,4.07716619666158,0.0223160717924217,28,A
1972,43367_61_spider,R_18IbHpikQyXHywx,0,Male,Middle-eastern,A few,A few,8,2,1,Male,43367,SpiderAM,q1,4.07716619666158,0.0223160717924217,28,A
1973,43367_61_spider,R_2f2sZb47QrEinsw,0,Male,Middle-eastern,A few,Several,8,4,1,Male,43367,SpiderAM,q1,4.07716619666158,0.0223160717924217,28,A
1974,43367_61_spider,R_6omXbAG5QVXtdtw,1,Male,Western (European),Several,Many,8,5,3,Male,43367,SpiderAM,q1,4.07716619666158,0.0223160717924217,28,A
1975,43367_61_spider,R_81t8rXZiMKSqj3n,1,Male,Western (European),A few,A few,8,4,2,Male,43367,SpiderAM,q1,4.07716619666158,0.0223160717924217,28,A
1976,191265_320_dark_batman,R_5jjJMnIAqjqNLN6,0,Female,Western (European),A few,Several,8,3,4,Male,191265,TheDarkKnightHM,q3,8.596681292155633,0.0487081019556102,113,H
1977,191265_320_dark_batman,R_2lxC5qdA3mJihoh,0,Male,Western (European),A few,Many,8,2,3,Male,191265,TheDarkKnightHM,q3,8.596681292155633,0.0487081019556102,113,H
1978,191265_320_dark_batman,R_18IbHpikQyXHywx,0,Male,Middle-eastern,A few,A few,8,6,4,Male,191265,TheDarkKnightHM,q3,8.596681292155633,0.0487081019556102,113,H
1979,191265_320_dark_batman,R_2f2sZb47QrEinsw,0,Male,Middle-eastern,A few,Several,8,2,3,Male,191265,TheDarkKnightHM,q3,8.596681292155633,0.0487081019556102,113,H
1980,191265_320_dark_batman,R_6omXbAG5QVXtdtw,1,Male,Western (European),Several,Many,8,5,5,Male,191265,TheDarkKnightHM,q3,8.596681292155633,0.0487081019556102,113,H
1981,191265_320_dark_batman,R_81t8rXZiMKSqj3n,1,Male,Western (European),A few,A few,8,5,5,Male,191265,TheDarkKnightHM,q3,8.596681292155633,0.0487081019556102,113,H
1982,25473_47_monster,R_5jjJMnIAqjqNLN6,0,Female,Western (European),A few,Several,8,3,5,Female,25473,MonsterInLawHM,q2,7.942444468035943,0.0465803881935809,26,H
1983,25473_47_monster,R_2lxC5qdA3mJihoh,0,Male,Western (European),A few,Many,8,3,3,Female,25473,MonsterInLawHM,q2,7.942444468035943,0.0465803881935809,26,H
1984,25473_47_monster,R_18IbHpikQyXHywx,0,Male,Middle-eastern,A few,A few,8,5,6,Female,25473,MonsterInLawHM,q2,7.942444468035943,0.0465803881935809,26,H
1985,25473_47_monster,R_2f2sZb47QrEinsw,0,Male,Middle-eastern,A few,Several,8,4,2,Female,25473,MonsterInLawHM,q2,7.942444468035943,0.0465803881935809,26,H
1986,25473_47_monster,R_6omXbAG5QVXtdtw,1,Male,Western (European),Several,Many,8,5,5,Female,25473,MonsterInLawHM,q2,7.942444468035943,0.0465803881935809,26,H
1987,25473_47_monster,R_81t8rXZiMKSqj3n,1,Male,Western (European),A few,A few,8,5,5,Female,25473,MonsterInLawHM,q2,7.942444468035943,0.0465803881935809,26,H
1988,166977_416_allornothing,R_5jjJMnIAqjqNLN6,0,Female,Western (European),A few,Several,8,7,1,Female,166977,AllOrNothingAM,q4,12.0805678081096,0.0736407123072181,201,A
1989,166977_416_allornothing,R_2lxC5qdA3mJihoh,0,Male,Western (European),A few,Many,8,5,1,Female,166977,AllOrNothingAM,q4,12.0805678081096,0.0736407123072181,201,A
1990,166977_416_allornothing,R_18IbHpikQyXHywx,0,Male,Middle-eastern,A few,A few,8,7,1,Female,166977,AllOrNothingAM,q4,12.0805678081096,0.0736407123072181,201,A
1991,166977_416_allornothing,R_2f2sZb47QrEinsw,0,Male,Middle-eastern,A few,Several,8,7,2,Female,166977,AllOrNothingAM,q4,12.0805678081096,0.0736407123072181,201,A
1992,166977_416_allornothing,R_6omXbAG5QVXtdtw,1,Male,Western (European),Several,Many,8,5,5,Female,166977,AllOrNothingAM,q4,12.0805678081096,0.0736407123072181,201,A
1993,166977_416_allornothing,R_81t8rXZiMKSqj3n,1,Male,Western (European),A few,A few,8,7,6,Female,166977,AllOrNothingAM,q4,12.0805678081096,0.0736407123072181,201,A
1994,36801_38_spider,R_5jjJMnIAqjqNLN6,0,Female,Western (European),A few,Several,8,3,1,Male,36801,SpiderAM,q4,18.294906818962183,0.119372364051106,16,A
1995,36801_38_spider,R_2lxC5qdA3mJihoh,0,Male,Western (European),A few,Many,8,2,1,Male,36801,SpiderAM,q4,18.294906818962183,0.119372364051106,16,A
1996,36801_38_spider,R_18IbHpikQyXHywx,0,Male,Middle-eastern,A few,A few,8,2,1,Male,36801,SpiderAM,q4,18.294906818962183,0.119372364051106,16,A
1997,36801_38_spider,R_2f2sZb47QrEinsw,0,Male,Middle-eastern,A few,Several,8,2,1,Male,36801,SpiderAM,q4,18.294906818962183,0.119372364051106,16,A
1998,36801_38_spider,R_6omXbAG5QVXtdtw,1,Male,Western (European),Several,Many,8,3,3,Male,36801,SpiderAM,q4,18.294906818962183,0.119372364051106,16,A
1999,36801_38_spider,R_81t8rXZiMKSqj3n,1,Male,Western (European),A few,A few,8,3,3,Male,36801,SpiderAM,q4,18.294906818962183,0.119372364051106,16,A
2000,90761_139_clean,R_5jjJMnIAqjqNLN6,0,Female,Western (European),A few,Several,8,2,2,Female,90761,CleanAM,q3,9.183576935559772,0.0545471740009394,79,A
2001,90761_139_clean,R_2lxC5qdA3mJihoh,0,Male,Western (European),A few,Many,8,2,1,Female,90761,CleanAM,q3,9.183576935559772,0.0545471740009394,79,A
2002,90761_139_clean,R_18IbHpikQyXHywx,0,Male,Middle-eastern,A few,A few,8,3,5,Female,90761,CleanAM,q3,9.183576935559772,0.0545471740009394,79,A
2003,90761_139_clean,R_2f2sZb47QrEinsw,0,Male,Middle-eastern,A few,Several,8,2,1,Female,90761,CleanAM,q3,9.183576935559772,0.0545471740009394,79,A
2004,90761_139_clean,R_6omXbAG5QVXtdtw,1,Male,Western (European),Several,Many,8,4,3,Female,90761,CleanAM,q3,9.183576935559772,0.0545471740009394,79,A
2005,90761_139_clean,R_81t8rXZiMKSqj3n,1,Male,Western (European),A few,A few,8,5,6,Female,90761,CleanAM,q3,9.183576935559772,0.0545471740009394,79,A
2006,26507_27_spider,R_5jjJMnIAqjqNLN6,0,Female,Western (European),A few,Several,8,6,2,Male,26507,SpiderAM,q4,14.356544043094154,0.0914020119006217,11,A
2007,26507_27_spider,R_2lxC5qdA3mJihoh,0,Male,Western (European),A few,Many,8,4,2,Male,26507,SpiderAM,q4,14.356544043094154,0.0914020119006217,11,A
2008,26507_27_spider,R_18IbHpikQyXHywx,0,Male,Middle-eastern,A few,A few,8,5,4,Male,26507,SpiderAM,q4,14.356544043094154,0.0914020119006217,11,A
2009,26507_27_spider,R_2f2sZb47QrEinsw,0,Male,Middle-eastern,A few,Several,8,4,2,Male,26507,SpiderAM,q4,14.356544043094154,0.0914020119006217,11,A
2010,26507_27_spider,R_6omXbAG5QVXtdtw,1,Male,Western (European),Several,Many,8,6,6,Male,26507,SpiderAM,q4,14.356544043094154,0.0914020119006217,11,A
2011,26507_27_spider,R_81t8rXZiMKSqj3n,1,Male,Western (European),A few,A few,8,6,2,Male,26507,SpiderAM,q4,14.356544043094154,0.0914020119006217,11,A
2012,204457_341_dark_batman,R_5jjJMnIAqjqNLN6,0,Female,Western (European),A few,Several,8,3,1,Male,204457,TheDarkKnightHM,q3,10.661988803337222,0.0605991989626936,126,H
2013,204457_341_dark_batman,R_2lxC5qdA3mJihoh,0,Male,Western (European),A few,Many,8,3,1,Male,204457,TheDarkKnightHM,q3,10.661988803337222,0.0605991989626936,126,H
2014,204457_341_dark_batman,R_18IbHpikQyXHywx,0,Male,Middle-eastern,A few,A few,8,3,1,Male,204457,TheDarkKnightHM,q3,10.661988803337222,0.0605991989626936,126,H
2015,204457_341_dark_batman,R_2f2sZb47QrEinsw,0,Male,Middle-eastern,A few,Several,8,5,1,Male,204457,TheDarkKnightHM,q3,10.661988803337222,0.0605991989626936,126,H
2016,204457_341_dark_batman,R_6omXbAG5QVXtdtw,1,Male,Western (European),Several,Many,8,4,4,Male,204457,TheDarkKnightHM,q3,10.661988803337222,0.0605991989626936,126,H
2017,204457_341_dark_batman,R_81t8rXZiMKSqj3n,1,Male,Western (European),A few,A few,8,5,2,Male,204457,TheDarkKnightHM,q3,10.661988803337222,0.0605991989626936,126,H
2018,94545_106_fast,R_5jjJMnIAqjqNLN6,0,Female,Western (European),A few,Several,8,4,1,Male,94545,FastAndFuriousHM,q3,9.96568395706574,0.0577197241361987,187,H
2019,94545_106_fast,R_2lxC5qdA3mJihoh,0,Male,Western (European),A few,Many,8,4,1,Male,94545,FastAndFuriousHM,q3,9.96568395706574,0.0577197241361987,187,H
2020,94545_106_fast,R_18IbHpikQyXHywx,0,Male,Middle-eastern,A few,A few,8,4,2,Male,94545,FastAndFuriousHM,q3,9.96568395706574,0.0577197241361987,187,H
2021,94545_106_fast,R_2f2sZb47QrEinsw,0,Male,Middle-eastern,A few,Several,8,4,1,Male,94545,FastAndFuriousHM,q3,9.96568395706574,0.0577197241361987,187,H
2022,94545_106_fast,R_6omXbAG5QVXtdtw,1,Male,Western (European),Several,Many,8,5,3,Male,94545,FastAndFuriousHM,q3,9.96568395706574,0.0577197241361987,187,H
2023,94545_106_fast,R_81t8rXZiMKSqj3n,1,Male,Western (European),A few,A few,8,4,3,Male,94545,FastAndFuriousHM,q3,9.96568395706574,0.0577197241361987,187,H
2024,102478_235_allornothing,R_5jjJMnIAqjqNLN6,0,Female,Western (European),A few,Several,8,2,1,Female,102478,AllOrNothingAM,q2,7.907983536632138,0.0445703259833126,90,A
2025,102478_235_allornothing,R_2lxC5qdA3mJihoh,0,Male,Western (European),A few,Many,8,2,1,Female,102478,AllOrNothingAM,q2,7.907983536632138,0.0445703259833126,90,A
2026,102478_235_allornothing,R_18IbHpikQyXHywx,0,Male,Middle-eastern,A few,A few,8,2,1,Female,102478,AllOrNothingAM,q2,7.907983536632138,0.0445703259833126,90,A
2027,102478_235_allornothing,R_2f2sZb47QrEinsw,0,Male,Middle-eastern,A few,Several,8,2,1,Female,102478,AllOrNothingAM,q2,7.907983536632138,0.0445703259833126,90,A
2028,102478_235_allornothing,R_6omXbAG5QVXtdtw,1,Male,Western (European),Several,Many,8,4,3,Female,102478,AllOrNothingAM,q2,7.907983536632138,0.0445703259833126,90,A
2029,102478_235_allornothing,R_81t8rXZiMKSqj3n,1,Male,Western (European),A few,A few,8,5,3,Female,102478,AllOrNothingAM,q2,7.907983536632138,0.0445703259833126,90,A
2030,92092_102_kvant,R_5jjJMnIAqjqNLN6,0,Female,Western (European),A few,Several,8,1,1,Male,92092,QuantumOfSolaceHM,q2,9.59353307995532,0.0607984000641745,55,H
2031,92092_102_kvant,R_2lxC5qdA3mJihoh,0,Male,Western (European),A few,Many,8,5,4,Male,92092,QuantumOfSolaceHM,q2,9.59353307995532,0.0607984000641745,55,H
2032,92092_102_kvant,R_18IbHpikQyXHywx,0,Male,Middle-eastern,A few,A few,8,2,1,Male,92092,QuantumOfSolaceHM,q2,9.59353307995532,0.0607984000641745,55,H
2033,92092_102_kvant,R_2f2sZb47QrEinsw,0,Male,Middle-eastern,A few,Several,8,1,1,Male,92092,QuantumOfSolaceHM,q2,9.59353307995532,0.0607984000641745,55,H
2034,92092_102_kvant,R_6omXbAG5QVXtdtw,1,Male,Western (European),Several,Many,8,5,4,Male,92092,QuantumOfSolaceHM,q2,9.59353307995532,0.0607984000641745,55,H
2035,92092_102_kvant,R_81t8rXZiMKSqj3n,1,Male,Western (European),A few,A few,8,4,3,Male,92092,QuantumOfSolaceHM,q2,9.59353307995532,0.0607984000641745,55,H
2036,41007_118_copy,R_5jjJMnIAqjqNLN6,0,Female,Western (European),A few,Several,8,5,2,Female,41007,CertifiedCopyAM,q1,5.092109641778591,0.0286750857276665,42,A
2037,41007_118_copy,R_2lxC5qdA3mJihoh,0,Male,Western (European),A few,Many,8,3,2,Female,41007,CertifiedCopyAM,q1,5.092109641778591,0.0286750857276665,42,A
2038,41007_118_copy,R_18IbHpikQyXHywx,0,Male,Middle-eastern,A few,A few,8,5,2,Female,41007,CertifiedCopyAM,q1,5.092109641778591,0.0286750857276665,42,A
2039,41007_118_copy,R_2f2sZb47QrEinsw,0,Male,Middle-eastern,A few,Several,8,2,2,Female,41007,CertifiedCopyAM,q1,5.092109641778591,0.0286750857276665,42,A
2040,41007_118_copy,R_6omXbAG5QVXtdtw,1,Male,Western (European),Several,Many,8,5,5,Female,41007,CertifiedCopyAM,q1,5.092109641778591,0.0286750857276665,42,A
2041,41007_118_copy,R_81t8rXZiMKSqj3n,1,Male,Western (European),A few,A few,8,3,5,Female,41007,CertifiedCopyAM,q1,5.092109641778591,0.0286750857276665,42,A
2042,67009_180_newyork,R_5jjJMnIAqjqNLN6,0,Female,Western (European),A few,Several,8,2,1,Female,67009,SynecdocheAM,q3,8.964379278472087,0.0501551407128622,71,A
2043,67009_180_newyork,R_2lxC5qdA3mJihoh,0,Male,Western (European),A few,Many,8,2,1,Female,67009,SynecdocheAM,q3,8.964379278472087,0.0501551407128622,71,A
2044,67009_180_newyork,R_18IbHpikQyXHywx,0,Male,Middle-eastern,A few,A few,8,1,3,Female,67009,SynecdocheAM,q3,8.964379278472087,0.0501551407128622,71,A
2045,67009_180_newyork,R_2f2sZb47QrEinsw,0,Male,Middle-eastern,A few,Several,8,2,1,Female,67009,SynecdocheAM,q3,8.964379278472087,0.0501551407128622,71,A
2046,67009_180_newyork,R_6omXbAG5QVXtdtw,1,Male,Western (European),Several,Many,8,4,4,Female,67009,SynecdocheAM,q3,8.964379278472087,0.0501551407128622,71,A
2047,67009_180_newyork,R_81t8rXZiMKSqj3n,1,Male,Western (European),A few,A few,8,3,5,Female,67009,SynecdocheAM,q3,8.964379278472087,0.0501551407128622,71,A
2048,86993_200_allornothing,R_5jjJMnIAqjqNLN6,0,Female,Western (European),A few,Several,8,5,3,Female,86993,AllOrNothingAM,q2,7.516242762485125,0.0439808823048006,72,A
2049,86993_200_allornothing,R_2lxC5qdA3mJihoh,0,Male,Western (European),A few,Many,8,4,2,Female,86993,AllOrNothingAM,q2,7.516242762485125,0.0439808823048006,72,A
2050,86993_200_allornothing,R_18IbHpikQyXHywx,0,Male,Middle-eastern,A few,A few,8,5,5,Female,86993,AllOrNothingAM,q2,7.516242762485125,0.0439808823048006,72,A
2051,86993_200_allornothing,R_2f2sZb47QrEinsw,0,Male,Middle-eastern,A few,Several,8,4,4,Female,86993,AllOrNothingAM,q2,7.516242762485125,0.0439808823048006,72,A
2052,86993_200_allornothing,R_6omXbAG5QVXtdtw,1,Male,Western (European),Several,Many,8,4,5,Female,86993,AllOrNothingAM,q2,7.516242762485125,0.0439808823048006,72,A
2053,86993_200_allornothing,R_81t8rXZiMKSqj3n,1,Male,Western (European),A few,A few,8,5,7,Female,86993,AllOrNothingAM,q2,7.516242762485125,0.0439808823048006,72,A
2054,54449_70_clean,R_5jjJMnIAqjqNLN6,0,Female,Western (European),A few,Several,8,5,2,Female,54449,CleanAM,q2,7.970104970803452,0.045875880199589,38,A
2055,54449_70_clean,R_2lxC5qdA3mJihoh,0,Male,Western (European),A few,Many,8,4,2,Female,54449,CleanAM,q2,7.970104970803452,0.045875880199589,38,A
2056,54449_70_clean,R_18IbHpikQyXHywx,0,Male,Middle-eastern,A few,A few,8,6,5,Female,54449,CleanAM,q2,7.970104970803452,0.045875880199589,38,A
2057,54449_70_clean,R_2f2sZb47QrEinsw,0,Male,Middle-eastern,A few,Several,8,5,3,Female,54449,CleanAM,q2,7.970104970803452,0.045875880199589,38,A
2058,54449_70_clean,R_6omXbAG5QVXtdtw,1,Male,Western (European),Several,Many,8,5,5,Female,54449,CleanAM,q2,7.970104970803452,0.045875880199589,38,A
2059,54449_70_clean,R_81t8rXZiMKSqj3n,1,Male,Western (European),A few,A few,8,4,6,Female,54449,CleanAM,q2,7.970104970803452,0.045875880199589,38,A
2060,77665_174_click,R_5jjJMnIAqjqNLN6,0,Female,Western (European),A few,Several,8,6,6,Male,77665,ClickHM,q2,9.053089595376283,0.051681847964341,532,H
2061,77665_174_click,R_2lxC5qdA3mJihoh,0,Male,Western (European),A few,Many,8,3,3,Male,77665,ClickHM,q2,9.053089595376283,0.051681847964341,532,H
2062,77665_174_click,R_18IbHpikQyXHywx,0,Male,Middle-eastern,A few,A few,8,5,3,Male,77665,ClickHM,q2,9.053089595376283,0.051681847964341,532,H
2063,77665_174_click,R_2f2sZb47QrEinsw,0,Male,Middle-eastern,A few,Several,8,4,3,Male,77665,ClickHM,q2,9.053089595376283,0.051681847964341,532,H
2064,77665_174_click,R_6omXbAG5QVXtdtw,1,Male,Western (European),Several,Many,8,4,5,Male,77665,ClickHM,q2,9.053089595376283,0.051681847964341,532,H
2065,77665_174_click,R_81t8rXZiMKSqj3n,1,Male,Western (European),A few,A few,8,6,5,Male,77665,ClickHM,q2,9.053089595376283,0.051681847964341,532,H
2066,117985_247_monster,R_5jjJMnIAqjqNLN6,0,Female,Western (European),A few,Several,8,5,2,Male,117985,MonsterInLawHM,q2,8.034199152411016,0.0469530461655507,128,H
2067,117985_247_monster,R_2lxC5qdA3mJihoh,0,Male,Western (European),A few,Many,8,3,1,Male,117985,MonsterInLawHM,q2,8.034199152411016,0.0469530461655507,128,H
2068,117985_247_monster,R_18IbHpikQyXHywx,0,Male,Middle-eastern,A few,A few,8,7,2,Male,117985,MonsterInLawHM,q2,8.034199152411016,0.0469530461655507,128,H
2069,117985_247_monster,R_2f2sZb47QrEinsw,0,Male,Middle-eastern,A few,Several,8,4,2,Male,117985,MonsterInLawHM,q2,8.034199152411016,0.0469530461655507,128,H
2070,117985_247_monster,R_6omXbAG5QVXtdtw,1,Male,Western (European),Several,Many,8,5,4,Male,117985,MonsterInLawHM,q2,8.034199152411016,0.0469530461655507,128,H
2071,117985_247_monster,R_81t8rXZiMKSqj3n,1,Male,Western (European),A few,A few,8,5,2,Male,117985,MonsterInLawHM,q2,8.034199152411016,0.0469530461655507,128,H
2072,47244_62_clean,R_5jjJMnIAqjqNLN6,0,Female,Western (European),A few,Several,8,3,3,Female,47244,CleanAM,q1,4.024470376311756,0.0232527067159355,33,A
2073,47244_62_clean,R_2lxC5qdA3mJihoh,0,Male,Western (European),A few,Many,8,2,1,Female,47244,CleanAM,q1,4.024470376311756,0.0232527067159355,33,A
2074,47244_62_clean,R_18IbHpikQyXHywx,0,Male,Middle-eastern,A few,A few,8,3,2,Female,47244,CleanAM,q1,4.024470376311756,0.0232527067159355,33,A
2075,47244_62_clean,R_2f2sZb47QrEinsw,0,Male,Middle-eastern,A few,Several,8,2,1,Female,47244,CleanAM,q1,4.024470376311756,0.0232527067159355,33,A
2076,47244_62_clean,R_6omXbAG5QVXtdtw,1,Male,Western (European),Several,Many,8,3,3,Female,47244,CleanAM,q1,4.024470376311756,0.0232527067159355,33,A
2077,47244_62_clean,R_81t8rXZiMKSqj3n,1,Male,Western (European),A few,A few,8,5,4,Female,47244,CleanAM,q1,4.024470376311756,0.0232527067159355,33,A
2078,20473_13_dark_batman,R_5jjJMnIAqjqNLN6,0,Female,Western (European),A few,Several,8,2,3,Female,20473,TheDarkKnightHM,q2,6.461392360630319,0.0365254683007868,9,H
2079,20473_13_dark_batman,R_2lxC5qdA3mJihoh,0,Male,Western (European),A few,Many,8,2,3,Female,20473,TheDarkKnightHM,q2,6.461392360630319,0.0365254683007868,9,H
2080,20473_13_dark_batman,R_18IbHpikQyXHywx,0,Male,Middle-eastern,A few,A few,8,4,6,Female,20473,TheDarkKnightHM,q2,6.461392360630319,0.0365254683007868,9,H
2081,20473_13_dark_batman,R_2f2sZb47QrEinsw,0,Male,Middle-eastern,A few,Several,8,5,3,Female,20473,TheDarkKnightHM,q2,6.461392360630319,0.0365254683007868,9,H
2082,20473_13_dark_batman,R_6omXbAG5QVXtdtw,1,Male,Western (European),Several,Many,8,4,4,Female,20473,TheDarkKnightHM,q2,6.461392360630319,0.0365254683007868,9,H
2083,20473_13_dark_batman,R_81t8rXZiMKSqj3n,1,Male,Western (European),A few,A few,8,3,3,Female,20473,TheDarkKnightHM,q2,6.461392360630319,0.0365254683007868,9,H
2084,88553_159_spider,R_5jjJMnIAqjqNLN6,0,Female,Western (European),A few,Several,8,3,1,Male,88553,SpiderAM,q3,8.376663867823629,0.0499561484119902,75,A
2085,88553_159_spider,R_2lxC5qdA3mJihoh,0,Male,Western (European),A few,Many,8,3,1,Male,88553,SpiderAM,q3,8.376663867823629,0.0499561484119902,75,A
2086,88553_159_spider,R_18IbHpikQyXHywx,0,Male,Middle-eastern,A few,A few,8,2,1,Male,88553,SpiderAM,q3,8.376663867823629,0.0499561484119902,75,A
2087,88553_159_spider,R_2f2sZb47QrEinsw,0,Male,Middle-eastern,A few,Several,8,4,1,Male,88553,SpiderAM,q3,8.376663867823629,0.0499561484119902,75,A
2088,88553_159_spider,R_6omXbAG5QVXtdtw,1,Male,Western (European),Several,Many,8,3,2,Male,88553,SpiderAM,q3,8.376663867823629,0.0499561484119902,75,A
2089,88553_159_spider,R_81t8rXZiMKSqj3n,1,Male,Western (European),A few,A few,8,6,2,Male,88553,SpiderAM,q3,8.376663867823629,0.0499561484119902,75,A
2090,16298_8_clean,R_5jjJMnIAqjqNLN6,0,Female,Western (European),A few,Several,8,5,2,Male,16298,CleanAM,q2,7.073066509690964,0.0395630645559503,7,A
2091,16298_8_clean,R_2lxC5qdA3mJihoh,0,Male,Western (European),A few,Many,8,4,2,Male,16298,CleanAM,q2,7.073066509690964,0.0395630645559503,7,A
2092,16298_8_clean,R_18IbHpikQyXHywx,0,Male,Middle-eastern,A few,A few,8,5,2,Male,16298,CleanAM,q2,7.073066509690964,0.0395630645559503,7,A
2093,16298_8_clean,R_2f2sZb47QrEinsw,0,Male,Middle-eastern,A few,Several,8,5,2,Male,16298,CleanAM,q2,7.073066509690964,0.0395630645559503,7,A
2094,16298_8_clean,R_6omXbAG5QVXtdtw,1,Male,Western (European),Several,Many,8,4,3,Male,16298,CleanAM,q2,7.073066509690964,0.0395630645559503,7,A
2095,16298_8_clean,R_81t8rXZiMKSqj3n,1,Male,Western (European),A few,A few,8,6,4,Male,16298,CleanAM,q2,7.073066509690964,0.0395630645559503,7,A
